3.309314934675595284e+09
5.159828536805082321e+09
1.052369732550596237e+10
4.830063556809907913e+09
1.212968651545525789e+09
1.812101235608446598e+08
5.409979815038995743e+09
1.692219147512528610e+10
1.109154941934080124e+09
6.326174341797620773e+09
5.391638651434022903e+09
2.791897663947162628e+09
1.131248949638245106e+09
6.969864750519529581e+08
-5.501609415939428657e+07
1.073916566562470198e+08
1.078380930933726951e+07
1.586599298944846392e+08
8.472090863315697014e+07
2.522375338182473660e+09
1.457343918150984764e+09
1.519884805588104486e+09
8.934228214384572983e+09
5.516667009494434357e+09
2.671099382966465473e+09
2.413645142458289623e+09
5.133783630366571426e+09
8.227109782244260788e+09
1.274061205961828804e+10
1.643333964825016785e+10
7.038064887711658478e+09
6.448002563214981079e+09
5.939500780713260651e+09
6.786970708456197739e+09
5.162827553502134323e+09
2.048488210026787519e+09
1.416784873729951382e+09
4.607805688975195885e+08
-1.507552650731577277e+08
7.932644041576854885e+06
0.000000000000000000e+00
1.662506749481371939e+08
4.089365209751287699e+08
1.726607175116118193e+09
9.241559785780221939e+09
3.355064013037689209e+09
1.255723803862272978e+09
5.571645765518739700e+09
9.509456453982870102e+09
1.242421365112588882e+09
3.387470262940052032e+09
3.233611070510570526e+09
3.598360498271334648e+09
1.008366147190880203e+10
9.159773575737136841e+09
4.572356363636336327e+09
7.738542881967528343e+09
1.410765621350509405e+09
1.253411035164463520e+09
2.923987836746091247e+08
0.000000000000000000e+00
0.000000000000000000e+00
0.000000000000000000e+00
0.000000000000000000e+00
0.000000000000000000e+00
0.000000000000000000e+00
0.000000000000000000e+00
3.752290090591921806e+08
2.842218786151954174e+09
2.869335616356194973e+09
6.274619740872561455e+09
6.321245913040452003e+09
4.058230210446218967e+09
3.491526020007342339e+09
2.628634738898999691e+08
8.221517270278104782e+09
4.353342736924478531e+09
3.055742572625015736e+09
5.213517782262053490e+09
1.964465426198013783e+09
6.104125279290849686e+09
1.919932842377475262e+09
1.362848993132127762e+09
1.739204608867807865e+09
9.296832480935720205e+08
1.152556331023695916e+08
0.000000000000000000e+00
0.000000000000000000e+00
0.000000000000000000e+00
0.000000000000000000e+00
1.016550607145277560e+08
1.903261865509952068e+09
1.500927623173657894e+09
1.041173287927819729e+09
-2.313279986116374493e+09
1.094579548950229073e+10
9.811549887907295227e+09
7.473282176640809059e+09
7.025950072845364571e+09
3.266864038152155876e+09
1.506428969030997086e+10
3.281993346864626884e+09
1.056769360792441750e+10
1.274878304288199425e+09
4.799114691896969795e+09
9.924113238392448425e+08
2.119897456176634312e+09
3.227009802286295891e+09
4.574183403281957507e+08
4.656071081953538656e+08
0.000000000000000000e+00
0.000000000000000000e+00
0.000000000000000000e+00
0.000000000000000000e+00
0.000000000000000000e+00
4.122798150864176154e+08
-3.839563969528561831e+08
3.225153456748107910e+09
8.017596676571052551e+09
4.001337540147418022e+09
2.932591235711087584e+08
3.780900606146456242e+09
5.340129716388748169e+09
5.637919432401753426e+09
6.747522452873782158e+09
3.132445610332374096e+09
8.087905629046066284e+09
7.868511342928630829e+09
6.094334002981128693e+08
1.124958976864279175e+10
9.558306459623532295e+08
3.608620521825857162e+08
-6.086692999939870089e+07
0.000000000000000000e+00
0.000000000000000000e+00
0.000000000000000000e+00
0.000000000000000000e+00
0.000000000000000000e+00
0.000000000000000000e+00
1.481165732546513379e+08
7.405996822341800928e+08
5.742479922264277458e+09
4.233866806860296249e+09
7.145311831657016754e+09
6.243133920629562378e+09
-2.459907587230682373e+09
6.130006210628972054e+09
4.807137903799907684e+09
2.091779754829846621e+08
5.481128036133711815e+09
2.157753408241455078e+09
3.340264576666717529e+09
-7.747608884313737154e+08
1.950705151854313374e+09
4.124864688418876648e+09
1.567904862616623878e+09
7.021133554017311335e+08
6.161786533755062521e+07
-6.332228413753304631e+05
0.000000000000000000e+00
0.000000000000000000e+00
0.000000000000000000e+00
0.000000000000000000e+00
0.000000000000000000e+00
2.204584409107856750e+08
1.736428970920439482e+09
5.539405659517129898e+09
3.395444443308660507e+09
3.551802758350667000e+09
1.824432583886441708e+09
3.994094344440031052e+09
2.590554815869442463e+09
1.660022954500041008e+09
3.607820177444570541e+09
8.234728632687324524e+09
2.346073844936635017e+09
-3.147230418957495689e+09
-1.709981511179500222e+08
4.576473059579148889e+08
2.938676776264686584e+09
1.754463566898244023e+08
2.929516636815334111e+07
0.000000000000000000e+00
0.000000000000000000e+00
0.000000000000000000e+00
0.000000000000000000e+00
-2.531267655661472678e+07
3.381617701414200068e+08
5.253084122583216667e+09
2.929769179896871567e+09
1.599744728033177948e+10
5.911854746307168007e+09
2.478910357324573040e+09
3.166115418481575966e+09
9.746832725128398895e+09
5.003587921845800400e+09
8.703595531396221161e+09
5.770613959142635345e+09
4.321693243475193024e+09
-3.609926666532609463e+08
4.717228851808205605e+09
2.426931576309018135e+09
4.599871777794580460e+09
6.587283577154989243e+08
9.779187829095330238e+08
5.209544941245969385e+07
0.000000000000000000e+00
0.000000000000000000e+00
0.000000000000000000e+00
0.000000000000000000e+00
1.259955957001714036e+07
-2.157416357432098389e+08
1.906044826934845448e+09
5.485464023191440105e+08
3.962749469325310707e+09
2.194123972222030640e+09
2.607958372472233295e+09
1.551265831580087185e+09
2.984375721501244068e+09
1.972960135166383266e+09
6.918394359733388901e+09
8.363838640156573296e+09
1.371350577853168678e+10
5.322466181567138672e+09
1.473763438597335339e+09
4.016178549285975456e+09
1.257695223810383320e+09
1.070448545818563700e+09
6.482937977246084213e+08
6.611469147270695120e+07
