1.418083783520951657e+00
9.053660093646184848e+00
1.235345430728868799e+01
6.549825277871305085e-01
-1.631440554387723063e-01
-2.055758496862703844e+00
1.530921003082294973e+01
1.860870984361848457e+01
6.552259193307576446e+00
6.635197733291977151e+00
5.595029282206653853e+00
2.838540303948520638e+00
-7.992485027275665344e-01
9.032543634585339376e-01
1.146179921202817587e-01
7.589953749001433769e-02
0.000000000000000000e+00
0.000000000000000000e+00
0.000000000000000000e+00
-1.474176554747546886e-01
-5.531538307263209574e-03
-1.672536862845972472e-01
2.321164620626718633e-01
7.625582859187431950e-01
2.096569467076741233e+01
1.198267091597155831e+00
9.333111741061289379e+00
1.750416263715899490e+01
2.004482806849408050e+01
1.526123129235695330e+01
6.418020488551035463e+00
6.538757687914026562e+00
1.517548051450012458e+01
1.266801446529193953e+01
5.524687153465934308e+00
2.208481747390064420e+00
9.263928722638283819e-01
5.552173523800896238e-01
9.217533511916958799e-02
0.000000000000000000e+00
0.000000000000000000e+00
0.000000000000000000e+00
0.000000000000000000e+00
-1.462525662049247444e-01
-2.187828814620506324e-01
5.418808167557948030e-01
7.018041743512344610e-02
3.574380822257984480e+00
2.486986254215756365e+00
-1.401487555490661951e-01
2.387995407600178588e+00
3.601337630586439964e+00
1.171250727787195745e+00
3.207028092514058404e+00
7.629182599729536385e+00
8.036837086349921222e+00
9.145791519169636175e+00
6.803843157674815956e+00
3.669354771353282363e+00
7.537501079152866268e-01
5.434504696390063394e-01
0.000000000000000000e+00
0.000000000000000000e+00
0.000000000000000000e+00
0.000000000000000000e+00
0.000000000000000000e+00
0.000000000000000000e+00
-7.766357013059896341e-02
2.751635458963260297e-03
6.775689777335867914e-02
1.637965243575119967e+00
-1.226366834388042060e+00
7.507930121358528552e+00
-1.205327421427771495e-01
-3.477515991971434628e-02
6.179881021457243051e-01
6.946981227084532140e-01
1.520368528282286391e+01
1.083876918052668059e-01
1.166145638572673837e+00
1.018974835295788361e+00
2.514237760615775308e+00
1.929668813630265101e+00
7.967244046647041777e-01
1.566692923418061267e-01
0.000000000000000000e+00
0.000000000000000000e+00
0.000000000000000000e+00
0.000000000000000000e+00
0.000000000000000000e+00
0.000000000000000000e+00
-4.776799297429096952e-02
-3.555142411737826080e-01
2.478313481866064802e-02
-1.348737409946944854e-01
1.724637029428391477e+00
-2.189863819744815865e-01
2.940822197086129464e+00
-7.700043894596476646e-01
9.363021103993766303e+00
1.602422172466811956e+00
-2.834494158666151176e+00
7.053111733150347007e+00
2.708066577030530997e+00
8.242596726959551034e+00
8.255814286854437967e+00
3.271123491014636286e+00
2.658731132529352337e+00
7.483739538467301111e-01
8.370087381817895023e-02
5.556399649990867440e-02
0.000000000000000000e+00
0.000000000000000000e+00
0.000000000000000000e+00
-2.350235747160922886e-02
-7.402808983764699868e-02
-1.513002275488589399e-01
2.803592475820930185e-01
2.249474751707842390e+00
4.218573868758406231e-01
-1.780907480735331450e-01
-1.501899645702340635e-01
1.489393362510408103e+00
4.525762394559027513e-01
1.038704068028657862e-01
-6.082224394653480415e-01
3.388271947306597531e-01
8.784967166970968355e-01
8.225916904662923246e-01
5.583473012865723284e+00
1.674745802631894209e+00
6.763173524877231779e-01
0.000000000000000000e+00
0.000000000000000000e+00
0.000000000000000000e+00
0.000000000000000000e+00
0.000000000000000000e+00
0.000000000000000000e+00
0.000000000000000000e+00
0.000000000000000000e+00
0.000000000000000000e+00
-8.915866273954743682e-02
-2.292367851895287800e-01
-1.250556816329427390e+00
-2.496869204043855872e-01
-3.840336912840691674e+00
3.983827998281438187e+00
2.067066218101401898e+00
-3.965731248909947632e-02
9.445094036654855252e-01
1.501417381946416940e+00
1.893883027661910523e+00
1.520356665770471460e+00
2.592197174706938334e+00
3.898395229493978320e+00
-1.645911363153554907e-01
1.022476336968799249e+00
9.539540687935512686e-01
8.291085585407606540e-02
0.000000000000000000e+00
0.000000000000000000e+00
0.000000000000000000e+00
0.000000000000000000e+00
0.000000000000000000e+00
0.000000000000000000e+00
-7.855597200857399043e-02
1.146818385873967783e+00
7.268548267234865579e-01
6.540924052149989620e+00
2.002810841446397649e+00
4.327097904879388945e-01
-2.986775159329772356e-04
6.609973373978040856e-01
-1.601594083814953662e-01
-2.282712394738783401e-01
6.010709068906279207e-01
8.676566456871347421e-01
3.425552049856186887e+00
5.095297976269390627e-01
5.057624936975225749e-01
0.000000000000000000e+00
0.000000000000000000e+00
0.000000000000000000e+00
0.000000000000000000e+00
0.000000000000000000e+00
0.000000000000000000e+00
0.000000000000000000e+00
-3.556274221915979583e-02
-2.137817363459338371e-01
-3.218331147653123447e-01
9.342273134525508338e-01
1.922127683912551621e+00
-5.926561710357359791e-01
1.719102121357674928e+00
1.344743818180960560e+01
1.155924017067316534e+01
1.113585622505057549e+00
2.141057999701623249e+00
1.455096524491843180e-01
-6.224512436007560018e-02
1.489326330103544427e+00
1.756660560253637537e-01
3.160669922975549162e-01
2.003944121129983547e+00
2.559764812155605473e-01
1.895426355516551531e-01
0.000000000000000000e+00
0.000000000000000000e+00
0.000000000000000000e+00
0.000000000000000000e+00
0.000000000000000000e+00
0.000000000000000000e+00
-1.562372831087161795e-01
-2.728904153427781365e-01
-4.078481542671713034e-01
7.731782690746880071e+00
6.797721804813988911e+00
6.668129132623664468e+00
6.887672448023220151e-02
3.924811898101970842e-01
2.892528284561683538e+00
1.744347923428240854e+00
2.781270773867937418e+00
2.568466671635682541e+00
5.677062856116171785e-01
2.528830745858436480e+00
6.907183916685938861e-03
2.622711681937418771e+00
1.503054526673561098e+00
4.697947047442517232e-01
