1.357453058976735250e+01
3.618221165699701913e+01
1.124510331712628997e+01
2.561359808277530448e+01
2.518590398063961544e+01
4.031643549028711249e+01
6.421263413134364839e+01
6.512566836588121078e+01
4.853793371539263291e+01
8.152649401029512077e+00
3.082442010699336166e+01
3.734267978382609598e+00
1.723890746751180814e+01
2.933662481644455866e+00
1.214392599840229181e+00
0.000000000000000000e+00
0.000000000000000000e+00
0.000000000000000000e+00
0.000000000000000000e+00
2.211264832121320190e+00
2.294237906730268062e+00
7.402809677430770563e+00
8.304134290085990244e+00
1.898197210754030806e+01
4.073281343259250775e+01
3.454391514431519994e+01
5.008582700397029441e+01
6.288037145927344085e+01
5.001989706858461204e+01
4.597909178337375380e+01
5.960519595254878311e+01
1.135088228467795801e+02
8.390980593219593686e+01
6.697079220880794992e+01
5.707168292817611643e+01
2.416200074882640081e+01
1.026610766486897930e+01
1.382630026787543986e+00
0.000000000000000000e+00
0.000000000000000000e+00
0.000000000000000000e+00
0.000000000000000000e+00
0.000000000000000000e+00
2.193788493073871138e+00
1.017056428683333813e+01
3.407117224266403621e+00
5.606052786733155102e+00
1.043613112145711952e+01
1.400170322833609049e+01
2.674298705898807782e+01
4.268050554946916719e+01
6.541779146802026901e+01
7.889852266802590464e+01
4.432845596161541124e+01
3.912851331206539385e+01
3.239198224466183262e+01
4.705374127617597679e+01
1.894764069678757323e+01
1.898224630947145641e+01
8.151757044585094647e+00
0.000000000000000000e+00
0.000000000000000000e+00
0.000000000000000000e+00
0.000000000000000000e+00
0.000000000000000000e+00
0.000000000000000000e+00
0.000000000000000000e+00
1.164953551958984423e+00
2.639291550105508755e+00
4.692927589380004427e+00
3.154730892301108014e+01
4.559686230109283400e+01
9.766958755270753301e+00
1.433919145543919882e+01
1.486081885423491222e+01
1.768509956661885951e+01
5.079460632403211662e+01
6.060638591742699077e+01
6.289822578392765706e+01
7.261810958591510712e+01
6.689934767914100178e+01
4.143135803928362293e+01
1.430090545509765576e+01
2.350039385127092206e+00
0.000000000000000000e+00
0.000000000000000000e+00
0.000000000000000000e+00
0.000000000000000000e+00
0.000000000000000000e+00
0.000000000000000000e+00
0.000000000000000000e+00
7.165198946143644942e-01
6.049233512221104725e+00
8.019866802781848492e+00
3.163224731661845368e+01
1.833484570237754951e+01
4.089494814111100141e+01
3.145332917613114176e+01
4.896504271286994481e+01
3.515815179363264775e+01
2.237861687510693542e+01
4.910926871283127326e+01
4.005782161415368137e+01
3.355523650887656828e+01
5.164241518348340776e+01
4.321537723891350424e+01
2.745769128929715919e+01
1.294303017540196521e+01
2.172673928589493375e+00
8.334599474986300605e-01
0.000000000000000000e+00
0.000000000000000000e+00
0.000000000000000000e+00
0.000000000000000000e+00
3.760377195457476618e-01
1.486459067110452503e+00
4.758116594553080780e+00
4.083353331739639991e+00
9.680944134808495249e+00
1.614645240780190250e+01
1.899590437697843370e+01
3.173617107757758760e+01
1.260559660738316623e+01
8.325122399018416885e+00
1.050225269384278448e+01
2.242256885805886313e+01
1.986455142942413943e+01
1.316146704746067542e+01
0.000000000000000000e+00
3.680118866878594019e+01
1.014476028731584734e+01
0.000000000000000000e+00
0.000000000000000000e+00
0.000000000000000000e+00
0.000000000000000000e+00
0.000000000000000000e+00
0.000000000000000000e+00
0.000000000000000000e+00
0.000000000000000000e+00
0.000000000000000000e+00
0.000000000000000000e+00
1.337379941093211455e+00
5.005168504125671269e+00
2.376352074906708367e+01
4.713056002049299309e+01
5.749702259885188482e+01
3.483520768167797144e+01
1.413473319580630161e+01
1.472959288314279114e+01
2.816148527105654154e+01
5.410697041880709435e+01
8.218684580010274487e+01
6.137321440087745827e+01
5.807445230151267168e+01
2.306330798329579679e+01
3.096049102158601585e+01
1.650692793850795681e+01
1.243662837811140953e+00
0.000000000000000000e+00
0.000000000000000000e+00
0.000000000000000000e+00
0.000000000000000000e+00
0.000000000000000000e+00
0.000000000000000000e+00
0.000000000000000000e+00
1.178339580128609621e+00
4.728960991379979717e+00
1.053764184191518893e+01
2.035454616105442938e+01
9.713371095804099298e+00
1.121320910831098416e+01
1.322868857165926748e+01
3.789389222807041602e+00
8.544581121618293196e+00
1.623502401258792105e+01
7.528602440747382829e+00
2.228124312239001625e+01
1.522938436986692601e+01
7.586437405462838512e+00
0.000000000000000000e+00
0.000000000000000000e+00
0.000000000000000000e+00
0.000000000000000000e+00
0.000000000000000000e+00
0.000000000000000000e+00
0.000000000000000000e+00
0.000000000000000000e+00
5.334411332873969513e-01
3.740167178476404342e+00
8.567663899956089679e+00
1.487271124868656713e+01
2.358352163476962460e+01
3.965592407867793412e+01
2.273394800254261838e+01
1.321560149115764915e+01
1.415983933123087724e+01
1.364698451457486605e+01
3.060674526230793191e+01
3.639637372786275904e+01
2.775952433103852712e+01
2.781769212109571754e+01
3.268233695627240820e+01
3.777086276867191117e+01
6.383658621352543250e+00
3.032682168826482449e+00
0.000000000000000000e+00
0.000000000000000000e+00
0.000000000000000000e+00
0.000000000000000000e+00
0.000000000000000000e+00
0.000000000000000000e+00
0.000000000000000000e+00
2.343559246630742887e+00
6.129099722117058668e+00
2.332433926469563445e+01
1.584984508471255005e+01
1.629937892150267587e+01
1.377497109595046076e+01
1.274182022874697751e+01
7.247083571404218105e+00
1.267678866609861821e+01
1.869733674546314006e+01
3.828074970374919417e+01
5.271402158032647378e+01
5.512820879384492656e+01
5.998042478291333879e+01
6.845168726102924950e+01
3.017572125924076687e+01
7.949245170200716970e+00
4.325298942926891765e-01
