2.372790124456751926e+01
3.311528067865077674e+01
3.030521947141853545e+01
5.649596452021521031e+01
6.406945501736929316e+01
7.142985334355731197e+01
9.459077433538536184e+01
8.065106263273469267e+01
8.762516228428658849e+01
8.720375341860165008e+01
1.060766237128024443e+02
9.571997853964023761e+01
3.541650416608499796e+01
1.224574119482147339e+01
7.355358364989736053e+00
4.489394873629302118e+00
6.791024980678344036e+00
5.998609039653300279e+00
4.455888064407438343e+00
1.029504441760067124e+01
2.302484494056337638e+01
3.392843906141958854e+01
4.892275367511543038e+01
8.071439370287620818e+01
8.304942584784865289e+01
9.084111985603765049e+01
1.103111833570746256e+02
1.239768644725301527e+02
1.140314800146902030e+02
1.151319529141255629e+02
1.483309539432052588e+02
1.199800192878198146e+02
1.070905489739961496e+02
7.941335122656380463e+01
7.766180194603276732e+01
3.489702882071314605e+01
1.924194496866411441e+01
1.169811663247017108e+01
4.384533596011387147e+00
4.243043419031295588e-02
2.991122127843818035e+00
4.112773978748924364e+00
1.409570300442302804e+00
4.629772870650404215e+00
1.096551517868607206e+01
2.152468476847556644e+01
3.977834672250180859e+01
4.977654102399121427e+01
6.300444526059830253e+01
1.010591861664212701e+02
9.770404250657574607e+01
1.142592175396854657e+02
6.062426259296732667e+01
2.792719292476287052e+01
3.778530320190060365e+01
4.027544121437684765e+01
6.250952598847217700e+01
6.183646211618144406e+01
5.944426581142833754e+01
1.344642990933594184e+01
4.263214295701494905e+00
9.396016106610182161e-01
0.000000000000000000e+00
0.000000000000000000e+00
0.000000000000000000e+00
0.000000000000000000e+00
0.000000000000000000e+00
5.312090654846386428e+00
1.068232156231040975e+01
2.421747878880864491e+01
5.159926819833567890e+01
8.525243568804282290e+01
2.871006072391978137e+01
5.113398070785194705e+01
5.492838253426702977e+01
9.218351789571822508e+01
9.104133547302780016e+01
9.544728445293412733e+01
1.113998174982986882e+02
9.562212477849303127e+01
1.262126082467602544e+02
1.081594076482797391e+02
6.332949772178276504e+01
2.437103175799921928e+01
1.153158946696518505e+01
4.662847850465952959e+00
0.000000000000000000e+00
0.000000000000000000e+00
0.000000000000000000e+00
0.000000000000000000e+00
1.459960325889122057e+00
9.222778362012221010e+00
1.926833399463438212e+01
2.810714497439144921e+01
5.680519115998826152e+01
8.020633475328287432e+01
1.078801691234977937e+02
6.460265837246004139e+01
7.067989381410171745e+01
7.445787582034816410e+01
7.733498435888061806e+01
9.950951845399693241e+01
9.818696566883434684e+01
1.104369974432707551e+02
1.339790495193669528e+02
8.844107137720786227e+01
6.813746635250336681e+01
6.507057952739712903e+01
1.962440895450372125e+01
1.499642530200971002e+01
5.226419549374875295e+00
9.115387321297721002e-01
0.000000000000000000e+00
1.012111531403144138e+00
4.197252674997008270e+00
9.882738466945681921e+00
2.522594133257589277e+01
2.099205009291737412e+01
3.170600826748518841e+01
4.853408378039927129e+01
5.838221287632238443e+01
7.145975912137187436e+01
4.123393380920200713e+01
3.576001983632598069e+01
4.318288279846404265e+01
6.679104916364882172e+01
6.948897671412095178e+01
7.140804261298065114e+01
6.593786372235771864e+01
7.334389571058595436e+01
3.457295305237428096e+01
1.416963567305319671e+01
2.581628035485783901e+00
6.150457853401632979e-01
0.000000000000000000e+00
0.000000000000000000e+00
0.000000000000000000e+00
0.000000000000000000e+00
0.000000000000000000e+00
3.390050600947266624e+00
9.872689421751420724e+00
1.862944238902633742e+01
4.318622769202364964e+01
9.471456966180497261e+01
9.622784136780096276e+01
1.015306416394563342e+02
6.046862068980351523e+01
5.511714367354444732e+01
7.221406487641263539e+01
1.246664692686560585e+02
1.102801558301856772e+02
7.729008608917840206e+01
9.299440897415213669e+01
9.331296126727744422e+01
9.194497962095184107e+01
4.274447966028063917e+01
1.808779809190156840e+01
2.943839696007450435e+00
0.000000000000000000e+00
0.000000000000000000e+00
0.000000000000000000e+00
0.000000000000000000e+00
0.000000000000000000e+00
0.000000000000000000e+00
1.838623555219237593e+00
1.497118667027375594e+01
2.999393501642168758e+01
4.111642502750980555e+01
4.160541548626225961e+01
4.174824408636102646e+01
4.081271711065885910e+01
3.514152893909274411e+01
3.740053287647701552e+01
4.630773212676628248e+01
6.864879563330407564e+01
5.377609809658780904e+01
1.151159178898331561e+02
9.005271769378117597e+01
7.604054037400055677e+01
8.097835954740588704e+01
1.828810287367782195e+01
2.422868190275526246e+00
1.435445657587585799e+00
0.000000000000000000e+00
0.000000000000000000e+00
0.000000000000000000e+00
7.792477286183003837e-01
1.062620553249585775e+01
1.097426485536045249e+01
2.291321922521720467e+01
5.133204651179555356e+01
8.586609777822215506e+01
6.724821672398788053e+01
1.925413744652990999e+01
2.585220076660459654e+01
3.339763026555304748e+01
4.394711465575214504e+01
7.008503301959981968e+01
3.368535492836400635e+01
3.334446330053378915e+01
7.588210657626362377e+01
5.503995581834841033e+01
4.816477823455963403e+01
1.579793152820955271e+01
9.745324074372710754e+00
4.020074469065178846e+00
1.042262114659926686e+00
0.000000000000000000e+00
0.000000000000000000e+00
0.000000000000000000e+00
0.000000000000000000e+00
1.795693227025182193e+00
1.087768424445164506e+01
2.286827793217997851e+01
3.540709021572180859e+01
3.315303530157134304e+01
3.325336373562336689e+01
3.337539400514975796e+01
3.701939341202280787e+01
7.244720449622899139e+01
1.034254038130167999e+02
1.095242505317946780e+02
7.723408459721696318e+01
6.556019737095954270e+01
5.600989790498027077e+01
6.306027403601014214e+01
6.652524999449906318e+01
3.739018571510814581e+01
1.408274311084391783e+01
7.516168933066241564e+00
