7.341226097196340561e-03
1.368035376071929932e-02
2.052945829927921295e-02
5.872166715562343597e-03
1.252582017332315445e-02
9.184657596051692963e-03
8.651353418827056885e-03
2.308147959411144257e-02
8.492287248373031616e-03
1.457625254988670349e-02
8.409162051975727081e-03
6.464764941483736038e-03
6.010093260556459427e-03
6.451947148889303207e-03
7.880562916398048401e-03
1.414638198912143707e-02
7.800414692610502243e-03
6.901562213897705078e-03
1.017421856522560120e-02
1.858939230442047119e-02
1.201098784804344177e-02
1.015777513384819031e-02
1.983132399618625641e-02
1.502522267401218414e-02
1.771605759859085083e-02
9.465768001973628998e-03
1.334300171583890915e-02
1.339949667453765869e-02
1.469892356544733047e-02
1.383835542947053909e-02
1.033548172563314438e-02
7.592759095132350922e-03
7.382777053862810135e-03
1.001026481389999390e-02
6.929248105734586716e-03
7.307739462703466415e-03
1.404692232608795166e-02
6.329784635454416275e-03
8.819196373224258423e-03
1.036878675222396851e-02
9.351980872452259064e-03
1.623732224106788635e-02
1.190211717039346695e-02
1.052519585937261581e-02
1.827345974743366241e-02
1.259952411055564880e-02
1.019042450934648514e-02
1.449552178382873535e-02
2.033235505223274231e-02
6.700166966766119003e-03
5.294811911880970001e-03
4.444173537194728851e-03
4.217280540615320206e-03
8.898660540580749512e-03
8.565817959606647491e-03
5.055793095380067825e-03
8.818894624710083008e-03
6.151765584945678711e-03
4.577816929668188095e-03
4.738932475447654724e-03
6.052377168089151382e-03
5.400126799941062927e-03
2.147751860320568085e-02
8.447792381048202515e-03
9.828916750848293304e-03
1.523950044065713882e-02
9.429590776562690735e-03
1.338004507124423981e-02
1.945707947015762329e-02
1.165710296481847763e-02
8.518598042428493500e-03
8.672823198139667511e-03
9.109732694923877716e-03
5.749690812081098557e-03
4.951176699250936508e-03
1.284737791866064072e-02
1.004088949412107468e-02
1.330165285617113113e-02
6.659453734755516052e-03
5.324097815901041031e-03
8.594825863838195801e-03
7.412305567413568497e-03
4.994050133973360062e-03
7.088386453688144684e-03
7.161166984587907791e-03
5.809255409985780716e-03
7.471215911209583282e-03
1.110821962356567383e-02
5.766161251813173294e-03
5.928164348006248474e-03
8.975831791758537292e-03
1.321523264050483704e-02
7.105291821062564850e-03
6.476195529103279114e-03
4.519159439951181412e-03
6.560089997947216034e-03
1.201344933360815048e-02
1.188856642693281174e-02
9.848603047430515289e-03
6.393930874764919281e-03
2.384728007018566132e-02
1.035447977483272552e-02
2.674647606909275055e-02
8.497768081724643707e-03
9.108066558837890625e-03
5.258124321699142456e-03
6.246157456189393997e-03
7.564855739474296570e-03
5.227406974881887436e-03
8.699372410774230957e-03
1.780343055725097656e-02
7.373404689133167267e-03
7.565134204924106598e-03
9.518858045339584351e-03
1.253839489072561264e-02
8.127703331410884857e-03
7.551908958703279495e-03
1.263410225510597229e-02
2.099440619349479675e-02
1.310829818248748779e-02
8.041271939873695374e-03
1.095465384423732758e-02
2.105547674000263214e-02
1.356304995715618134e-02
1.430652849376201630e-02
7.966224104166030884e-03
8.159768767654895782e-03
7.221578620374202728e-03
4.034372046589851379e-03
1.500056777149438858e-02
9.369121864438056946e-03
5.735587794333696365e-03
3.938043490052223206e-03
5.251531023532152176e-03
5.502128507941961288e-03
4.703278653323650360e-03
6.697051227092742920e-03
5.037650465965270996e-03
1.526073087006807327e-02
1.013685669749975204e-02
1.402546651661396027e-02
1.062778010964393616e-02
1.371697429567575455e-02
1.178095117211341858e-02
1.259908266365528107e-02
1.055381353944540024e-02
1.373597234487533569e-02
6.161692552268505096e-03
5.382046103477478027e-03
9.219392202794551849e-03
7.077838759869337082e-03
5.959154106676578522e-03
4.881916102021932602e-03
3.776365891098976135e-03
4.912487231194972992e-03
4.294787999242544174e-03
5.322442390024662018e-03
1.016531139612197876e-02
6.917687132954597473e-03
5.778273101896047592e-03
6.512216757982969284e-03
5.272145848721265793e-03
6.694208830595016479e-03
1.881518401205539703e-02
1.580294594168663025e-02
2.194541133940219879e-02
2.173854038119316101e-02
1.239793933928012848e-02
1.321170479059219360e-02
1.848569326102733612e-02
1.754373125731945038e-02
1.844036765396595001e-02
1.355559565126895905e-02
1.421305350959300995e-02
9.942577220499515533e-03
6.290947552770376205e-03
4.034281242638826370e-03
7.443785201758146286e-03
9.342745877802371979e-03
1.904939673840999603e-02
7.571439258754253387e-03
6.865484640002250671e-03
6.822424009442329407e-03
5.939797963947057724e-03
5.720523651689291000e-03
8.730674162507057190e-03
5.420361645519733429e-03
6.785165984183549881e-03
1.604949124157428741e-02
1.350613590329885483e-02
2.044277265667915344e-02
1.206948235630989075e-02
7.441999390721321106e-03
1.405922137200832367e-02
2.558393217623233795e-02
1.673525571823120117e-02
1.587313786149024963e-02
1.112938020378351212e-02
1.040320564061403275e-02
6.399365141987800598e-03
1.120081171393394470e-02
4.032036289572715759e-03
1.003891229629516602e-02
7.077163085341453552e-03
1.870774291455745697e-02
6.736942566931247711e-03
7.650123443454504013e-03
6.724113132804632187e-03
1.379418931901454926e-02
1.143550593405961990e-02
8.814505301415920258e-03
8.217323571443557739e-03
1.050352491438388824e-02
4.618362989276647568e-03
5.031140986829996109e-03
9.472219273447990417e-03
1.890426315367221832e-02
9.820745326578617096e-03
1.493771467357873917e-02
1.132496818900108337e-02
1.419213414192199707e-02
1.228888332843780518e-02
1.517633534967899323e-02
2.078659087419509888e-02
8.018413558602333069e-03
1.056042686104774475e-02
5.055971909314393997e-03
5.077752750366926193e-03
6.049010902643203735e-03
5.848391447216272354e-03
