nan nan nan 6.015873602717120860e+01 6.070001919084614173e+01 6.123580870108442298e+01 nan nan nan nan nan nan nan nan nan nan nan nan nan nan nan nan nan nan nan nan nan nan
nan nan 6.002521031041896293e+01 6.058061296453282552e+01 6.113120012466519881e+01 6.167652966504396517e+01 6.221613129604288872e+01 nan nan nan nan nan nan nan nan nan nan nan nan nan nan nan nan nan nan nan nan nan
nan nan 6.042792162509501708e+01 6.099240650172955469e+01 6.155232711606335272e+01 6.210724416860243480e+01 6.265668908740228460e+01 6.320016204257429848e+01 nan nan nan nan nan nan nan nan nan nan nan nan nan nan nan nan nan nan nan nan
nan 6.024254857894759851e+01 6.081999863459101618e+01 6.139355832729528117e+01 6.196282111223127487e+01 6.252735230749371453e+01 6.308668697840224127e+01 6.364032770569237130e+01 6.418774224853173394e+01 nan nan nan nan nan nan nan nan nan nan nan nan nan nan nan nan nan nan nan
6.002521031041896293e+01 6.061467095140277195e+01 6.120088992501214165e+01 6.178349441372122186e+01 6.236208501548213690e+01 6.293623357734950474e+01 6.350548087304018452e+01 6.406933412521900095e+01 6.462726437790323075e+01 6.517870373054898891e+01 nan nan nan nan nan nan nan nan nan nan nan nan nan nan nan nan nan nan
6.037722995554048566e+01 6.097511180151113308e+01 6.157003175393554528e+01 6.216162623658261310e+01 6.274950482049930400e+01 6.333324789559423351e+01 6.391240415045155743e+01 6.448648785505055514e+01 6.505497594497444425e+01 6.561730491122627029e+01 6.617286750737089562e+01 6.672100929592303942e+01 nan nan nan nan nan nan nan nan nan nan nan nan nan nan nan nan
6.071712385017477231e+01 6.132332257483859905e+01 6.192684960994756693e+01 6.252735230749371453e+01 6.312445109347642358e+01 6.371773699326701035e+01 6.430676892867292338e+01 6.489107077433801862e+01 6.547012816400675206e+01 6.604338504167208157e+01 6.661023995924009000e+01 6.717004213170876881e+01 6.772208727374324155e+01 nan nan nan nan nan nan nan nan nan nan nan nan nan nan nan
6.104436305219454795e+01 6.165874773807607312e+01 6.227076008056928913e+01 6.288006004898317514e+01 6.348628082849554488e+01 6.408902622062652199e+01 6.468786777912433195e+01 6.528234166106481950e+01 6.587194517449111686e+01 6.645613300692930636e+01 6.703431312416883259e+01 6.760584233651998431e+01 6.817002154126325308e+01 6.872609066631568453e+01 nan nan nan nan nan nan nan nan nan nan nan nan nan nan
nan 6.198082691090047547e+01 6.260117304739483757e+01 6.321912803647073531e+01 6.383433971403422902e+01 6.444642680869240792e+01 6.505497594497444425e+01 6.565953831857082434e+01 6.625962601478164515e+01 6.685470794242202430e+01 6.744420535831406482e+01 6.802748696297175002e+01 6.860386355718236473e+01 6.917258226322562109e+01 6.973282033512461453e+01 nan nan nan nan nan nan nan nan nan nan nan nan nan
nan 6.228899729773432625e+01 6.291749422278063264e+01 6.354392862804422748e+01 6.416796483821849506e+01 6.478923862509559228e+01 6.540735411365119489e+01 6.602188031962178627e+01 6.663234727901142662e+01 6.723824172862667581e+01 6.783900229681800909e+01 6.843401416588615405e+01 6.902260317315949578e+01 6.960402932801996201e+01 7.017747973907509618e+01 7.074206097175650143e+01 nan nan nan nan nan nan nan nan nan nan nan nan
nan 6.258269642312765058e+01 6.321912803647073531e+01 6.385383099648399252e+01 6.448648785505055514e+01 6.511675345633487666e+01 6.574425178797325486e+01 6.636857242784027733e+01 6.698926653589940372e+01 6.760584233651998431e+01 6.821776003334649374e+01 6.882442609704879999e+01 6.942518686709892961e+01 7.001932141359067430e+01 7.060603361610606044e+01 7.118444343657540685e+01 7.175357739577424354e+01 7.231235831352229582e+01 nan nan nan nan nan nan nan nan nan nan
nan nan 6.350548087304018452e+01 6.414820456981050256e+01 6.478923862509559228e+01 6.542825883940525955e+01 6.606491129115642025e+01 6.669880874748210431e+01 6.732952658030733062e+01 6.795659811945544959e+01 6.857950936741229953e+01 6.919769299384998362e+01 6.981052152299020008e+01 7.041729962472027182e+01 7.101725542309280570e+01 7.160953074637610882e+01 7.219317026536459991e+01 7.276710950701753688e+01 7.333016179653071731e+01 nan nan nan nan nan nan nan nan nan
nan nan 6.377596465197262887e+01 6.442642287646627608e+01 6.507554933285204868e+01 6.572304245348132667e+01 6.636857242784027733e+01 6.701177763895618966e+01 6.765226057493708822e+01 6.828958313468805841e+01 6.892326123560283690e+01 6.955275861921946046e+01 7.017747973907509618e+01 7.079676160435245436e+01 7.140986444511850095e+01 7.201596106273856890e+01 7.261412473656783106e+01 7.320331558146146733e+01 7.378236529895620777e+01 7.434996035075826626e+01 nan nan nan nan nan nan nan nan
nan nan 6.403000073164204764e+01 6.468786777912433195e+01 6.534475906921672106e+01 6.600039706676449214e+01 6.665447780595746963e+01 6.730666741858111379e+01 6.795659811945544959e+01 6.860386355718236473e+01 6.924801342296498774e+01 6.988854719298245755e+01 7.052490686081149818e+01 7.115646849625494497e+01 7.178253244683106971e+01 7.240231198020543957e+01 7.301492015357965215e+01 7.361935469530207854e+01 7.421448070382955109e+01 7.479901102350923736e+01 7.537148426589530459e+01 nan nan nan nan nan nan nan
nan nan nan 6.493193406721985639e+01 6.559621885122770379e+01 6.625962601478164515e+01 6.692187880264582134e+01 6.758267283653127322e+01 6.824167225693808803e+01 6.889850521844483922e+01 6.955275861921946046e+01 7.020397192301304301e+01 7.085162990571468811e+01 7.149515412859400953e+01 7.213389290694514955e+01 7.276710950701753688e+01 7.339396826818963859e+01 7.401351831574848461e+01 7.462467451024261322e+01 7.522619528541115130e+01 7.581665707958191547e+01 7.639442519862141978e+01 nan nan nan nan nan nan
nan nan nan 6.515803436296842222e+01 6.582929703296260016e+01 6.650004916467061378e+01 6.717004213170876881e+01 6.783900229681800909e+01 6.850662739261777290e+01 6.917258226322562109e+01 6.983649383977420655e+01 7.049794519585336161e+01 7.115646849625494497e+01 7.181153661320216486e+01 7.246255313772357454e+01 7.310884045955201316e+01 7.374962552727060938e+01 7.438402283335236120e+01 7.501101410113876966e+01 7.562942409268073618e+01 7.623789192637914880e+01 7.683483732428368285e+01 7.741842135568633410e+01 nan nan nan nan nan
nan nan nan nan 6.604338504167208157e+01 6.672100929592303942e+01 6.739825694098882991e+01 6.807488574803801384e+01 6.875062805789988829e+01 6.942518686709892961e+01 7.009823117312431862e+01 7.076939041922838669e+01 7.143824784139037831e+01 7.210433247327031836e+01 7.276710950701753688e+01 7.342596863651164085e+01 7.408020992289833373e+01 7.472902661864040397e+01 7.537148426589530459e+01 7.600649525166916476e+01 7.663278786692943356e+01 7.724886880423697733e+01 7.785297798709324013e+01 7.844303474378082797e+01 7.901657477554778097e+01 nan nan nan
nan nan nan nan 6.623790335277327301e+01 6.692187880264582134e+01 6.760584233651998431e+01 6.828958313468805841e+01 6.897286840467315017e+01 6.965543989923587276e+01 7.033700974489552493e+01 7.101725542309280570e+01 7.169581370560302958e+01 7.237227329405510545e+01 7.304616584725526707e+01 7.371695499549616670e+01 7.438402283335236120e+01 7.504665324605636556e+01 7.570401125355556360e+01 7.635511734575999299e+01 7.699881553082884977e+01 7.763373353311216363e+01 7.825823328573204662e+01 7.887034963158366452e+01 7.946771511798290533e+01 8.004746922229801953e+01 nan nan
nan nan nan nan nan 6.710206659696153508e+01 6.779215519804550638e+01 6.848239325794423848e+01 6.917258226322562109e+01 6.986250234947915771e+01 7.055190870692362637e+01 7.124052722367672175e+01 7.192804917786416752e+01 7.261412473656783106e+01 7.329835494988660116e+01 7.398028183664419544e+01 7.465937603725706140e+01 7.533502134945322837e+01 7.600649525166916476e+01 7.667294424192333224e+01 7.733335245937011848e+01 7.798650159448658314e+01 7.863091952224942816e+01 7.926481442500677588e+01 7.988599048226902255e+01 8.049174070092429645e+01 8.107871262382647615e+01 nan
nan nan nan nan nan nan 6.795659811945544959e+01 6.865266285446266181e+01 6.934905354467761640e+01 7.004558727085573366e+01 7.074206097175650143e+01 7.143824784139037831e+01 7.213389290694514955e+01 7.282870756776509324e+01 7.352236280795511902e+01 7.421448070382955109e+01 7.490462372356171272e+01 7.559228114746164806e+01 7.627685170576484097e+01 7.695762121225894248e+01 7.763373353311216363e+01 7.830415262642290486e+01 7.896761256328788647e+01 7.962255133305146160e+01 8.026702279472034718e+01 8.089857938427567774e+01 8.151411635617120055e+01 8.210966719434487970e+01
nan nan nan nan nan nan nan 6.879979566506848698e+01 6.950162671974720752e+01 7.020397192301304301e+01 7.090666732524690019e+01 7.160953074637610882e+01 7.231235831352229582e+01 7.301492015357965215e+01 7.371695499549616670e+01 7.441816335413244587e+01 7.511819885264971219e+01 7.581665707958191547e+01 7.651306114965690597e+01 7.720684281378986213e+01 7.789731749845449826e+01 7.858365098085927514e+01 7.926481442500677588e+01 7.993952307104790123e+01 8.060615178590104790e+01 8.126261769159566484e+01 8.190621593531463418e+01 8.253338932256028215e+01
nan nan nan nan nan nan nan 6.892326123560283690e+01 6.962971706448159637e+01 7.033700974489552493e+01 7.104501047066420938e+01 7.175357739577424354e+01 7.246255313772357454e+01 7.317176165131698440e+01 7.388100428293718380e+01 7.459005474786485479e+01 7.529865267803366180e+01 7.600649525166916476e+01 7.671322621968222677e+01 7.741842135568633410e+01 7.812156892881355930e+01 7.882204315451394905e+01 7.951906759531391344e+01 8.021166396214977112e+01 8.089857938427567774e+01 8.157818144991523468e+01 8.224830434732086815e+01 8.290602003865524239e+01
nan nan nan nan nan nan nan nan 6.973282033512461453e+01 7.044414174296507269e+01 7.115646849625494497e+01 7.186969323724039782e+01 7.258369855087246947e+01 7.329835494988660116e+01 7.401351831574848461e+01 7.472902661864040397e+01 7.544469567148783540e+01 7.616031357408957092e+01 7.687563335769259254e+01 7.759036312224128551e+01 7.830415262642290486e+01 7.901657477554778097e+01 7.972709963757056073e+01 8.043505730161542999e+01 8.113958372054284496e+01 8.183954000868203593e+01 8.253338932256028215e+01 nan
nan nan nan nan nan nan nan nan nan 7.052490686081149818e+01 7.124052722367672175e+01 7.195730249730898720e+01 7.267514697162390291e+01 7.339396826818963859e+01 7.411366597005033441e+01 7.483412985466084422e+01 7.555523759122175420e+01 7.627685170576484097e+01 7.699881553082884977e+01 7.772094772502492788e+01 7.844303474378082797e+01 7.916482031921292162e+01 7.988599048226902255e+01 8.060615178590104790e+01 8.132479888853900718e+01 8.204126500235146580e+01 8.275464384217124802e+01 nan
nan nan nan nan nan nan nan nan nan nan 7.129679089505157208e+01 7.201596106273856890e+01 7.273639769757123474e+01 7.345803426141786474e+01 7.418080088608387257e+01 7.490462372356171272e+01 7.562942409268073618e+01 7.635511734575999299e+01 7.708161134442454454e+01 7.780880438082654393e+01 7.853658229743699337e+01 7.926481442500677588e+01 7.999334773779428076e+01 8.072199825020274488e+01 8.145053801979700836e+01 8.217867491829835558e+01 8.290602003865524239e+01 nan
nan nan nan nan nan nan nan nan nan nan nan nan 7.276710950701753688e+01 7.349016552371338662e+01 7.421448070382955109e+01 7.493999996186099111e+01 7.566666720021544279e+01 7.639442519862141978e+01 7.712321545905237485e+01 7.785297798709324013e+01 7.858365098085927514e+01 7.931517038267986663e+01 8.004746922229801953e+01 8.078047663487407704e+01 8.151411635617120055e+01 8.224830434732086815e+01 8.298294491019963459e+01 nan
nan nan nan nan nan nan nan nan nan nan nan nan nan 7.349016552371338662e+01 7.421448070382955109e+01 7.493999996186099111e+01 7.566666720021544279e+01 7.639442519862141978e+01 7.712321545905237485e+01 7.785297798709324013e+01 7.858365098085927514e+01 7.931517038267986663e+01 8.004746922229801953e+01 8.078047663487407704e+01 8.151411635617120055e+01 8.224830434732086815e+01 8.298294491019963459e+01 nan
nan nan nan nan nan nan nan nan nan nan nan nan nan nan nan 7.490462372356171272e+01 7.562942409268073618e+01 7.635511734575999299e+01 7.708161134442454454e+01 7.780880438082654393e+01 7.853658229743699337e+01 7.926481442500677588e+01 7.999334773779428076e+01 8.072199825020274488e+01 8.145053801979700836e+01 8.217867491829835558e+01 8.290602003865524239e+01 nan
nan nan nan nan nan nan nan nan nan nan nan nan nan nan nan nan nan 7.627685170576484097e+01 7.699881553082884977e+01 7.772094772502492788e+01 7.844303474378082797e+01 7.916482031921292162e+01 7.988599048226902255e+01 8.060615178590104790e+01 8.132479888853900718e+01 8.204126500235146580e+01 8.275464384217124802e+01 nan
nan nan nan nan nan nan nan nan nan nan nan nan nan nan nan nan nan nan nan nan 7.830415262642290486e+01 7.901657477554778097e+01 7.972709963757056073e+01 8.043505730161542999e+01 8.113958372054284496e+01 8.183954000868203593e+01 nan nan
