nan nan nan -3.811827636936305197e+01 -3.899099404250546996e+01 -3.989783474764181648e+01 nan nan nan nan nan nan nan nan nan nan nan nan nan nan nan nan nan nan nan nan nan nan
nan nan -3.617962044797894805e+01 -3.701067323360312145e+01 -3.787498365109819076e+01 -3.877417093557423300e+01 -3.970991879462872021e+01 nan nan nan nan nan nan nan nan nan nan nan nan nan nan nan nan nan nan nan nan nan
nan nan -3.504937331204838813e+01 -3.586982351772132205e+01 -3.672410717292481053e+01 -3.761395684873271961e+01 -3.854118362128134834e+01 -3.950767544287257493e+01 nan nan nan nan nan nan nan nan nan nan nan nan nan nan nan nan nan nan nan nan
nan -3.311134196037203736e+01 -3.388695946405169934e+01 -3.469515353123397716e+01 -3.553767779197437449e+01 -3.641637851988603813e+01 -3.733319573818582882e+01 -3.829016319224307097e+01 -3.928940686250036407e+01 nan nan nan nan nan nan nan nan nan nan nan nan nan nan nan nan nan nan nan
-3.120051460398063270e+01 -3.193068210371783522e+01 -3.269198418257206384e+01 -3.348616881551298974e+01 -3.431508759999728397e+01 -3.518069936124209818e+01 -3.608507304285212314e+01 -3.703038960567864990e+01 -3.801894259317020897e+01 -3.905313694602649832e+01 nan nan nan nan nan nan nan nan nan nan nan nan nan nan nan nan nan nan
-3.000492087082401937e+01 -3.071890426402918095e+01 -3.146414363086576671e+01 -3.224246783912331438e+01 -3.305582281155366076e+01 -3.390627698844215843e+01 -3.479602627826831451e+01 -3.572739822279969246e+01 -3.670285503016313555e+01 -3.772499504211074850e+01 -3.879655209830818308e+01 -3.992039213998543090e+01 nan nan nan nan nan nan nan nan nan nan nan nan nan nan nan nan
-2.877980630439721210e+01 -2.947588900324574723e+01 -3.020323775494267338e+01 -3.096375653207351775e+01 -3.175948008481281093e+01 -3.259258147259926375e+01 -3.346537934635528444e+01 -3.438034472384487117e+01 -3.534010692155768396e+01 -3.634745820888527135e+01 -3.740535663140854439e+01 -3.851692630710276433e+01 -3.968545433005525780e+01 nan nan nan nan nan nan nan nan nan nan nan nan nan nan nan
-2.752522574374433262e+01 -2.820162821869471159e+01 -2.890918365114782063e+01 -2.964986350757559208e+01 -3.042578380196127341e+01 -3.123921488820876036e+01 -3.209259132873417286e+01 -3.298852161363455338e+01 -3.392979742206063776e+01 -3.491940201245768804e+01 -3.596051719664487933e+01 -3.705652818940958326e+01 -3.821102542556121762e+01 -3.942780219603621106e+01 nan nan nan nan nan nan nan nan nan nan nan nan nan nan
nan -2.689623696549338661e+01 -2.758202920779715939e+01 -2.830075576600637177e+01 -2.905460409907713881e+01 -2.984593194968741159e+01 -3.067728002179645230e+01 -3.155138494831346918e+01 -3.247119229084849223e+01 -3.343986920578224442e+01 -3.446081627137176184e+01 -3.553767779197437449e+01 -3.667434966957314657e+01 -3.787498365109819076e+01 -3.914398641457104588e+01 nan nan nan nan nan nan nan nan nan nan nan nan nan
nan -2.555996517182381922e+01 -2.622196677755446359e+01 -2.691655461695134477e+01 -2.764597536373868891e+01 -2.841266144307259012e+01 -2.921924669048461354e+01 -3.006858282186245646e+01 -3.096375653207351775e+01 -3.190810693565315148e+01 -3.290524292298791664e+01 -3.395905981967626275e+01 -3.507375449334829653e+01 -3.625383773744479754e+01 -3.750414236027013004e+01 -3.882982490497039407e+01 nan nan nan nan nan nan nan nan nan nan nan nan
nan -2.419320898728876301e+01 -2.482934658814958695e+01 -2.549755149333777382e+01 -2.620011484134733948e+01 -2.693952806380082876e+01 -2.771850162818337182e+01 -2.853998518795996375e+01 -2.940718906073363925e+01 -3.032360686254999749e+01 -3.129303899592018112e+01 -3.231961650818018228e+01 -3.340782458970893742e+01 -3.456252464888182629e+01 -3.578897345918334594e+01 -3.709283729704154808e+01 -3.848019824834302227e+01 -3.995754893082910542e+01 nan nan nan nan nan nan nan nan nan nan
nan nan -2.340468955103230542e+01 -2.404422326936782994e+01 -2.471744091108339347e+01 -2.542687416958979796e+01 -2.617528998175992783e+01 -2.696571443287013281e+01 -2.780145877993413350e+01 -2.868614757373944713e+01 -2.962374875117381379e+01 -3.061860540890939575e+01 -3.167546873810922037e+01 -3.279953127261923385e+01 -3.399645914825050141e+01 -3.527242144859838646e+01 -3.663411387596742230e+01 -3.808877288097532698e+01 -3.964417495714481987e+01 nan nan nan nan nan nan nan nan nan
nan nan -2.194869908352696797e+01 -2.255724663470566327e+01 -2.319859051364818470e+01 -2.387528085392751365e+01 -2.459011716619601984e+01 -2.534617594194667944e+01 -2.614684123558089013e+01 -2.699583839408660779e+01 -2.789727103094762839e+01 -2.885566121971651299e+01 -2.987599269168942939e+01 -3.096375653207351775e+01 -3.212499844038752173e+01 -3.336636600105954642e+01 -3.469515353123397716e+01 -3.611934084947974810e+01 -3.764762064010764675e+01 -3.928940686250036407e+01 nan nan nan nan nan nan nan nan
nan nan -2.046227152342220279e+01 -2.103751102542181073e+01 -2.164443514071400543e+01 -2.228558764683275939e+01 -2.296377305985455664e+01 -2.368208772453845867e+01 -2.444395478041653647e+01 -2.525316339457388182e+01 -2.611391263029070231e+01 -2.703086025984298502e+01 -2.800917670801385029e+01 -2.905460409907713881e+01 -3.017352002964432955e+01 -3.137300514010845376e+01 -3.266091272167381021e+01 -3.404593735660166232e+01 -3.553767779197437449e+01 -3.714668669802178869e+01 -3.888449643371460240e+01 nan nan nan nan nan nan nan
nan nan nan -1.948612957246576727e+01 -2.005609473657542097e+01 -2.065891006330749491e+01 -2.129735404903376406e+01 -2.197450799147196321e+01 -2.269379494509236039e+01 -2.345902408146156048e+01 -2.427444113443947060e+01 -2.514478563067893191e+01 -2.607535558394875608e+01 -2.707208023799276475e+01 -2.814160123226170995e+01 -2.929136217098425377e+01 -3.052970589993411821e+01 -3.186597769360368559e+01 -3.331063082456079627e+01 -3.487532834460217401e+01 -3.657303097851931284e+01 -3.841805534482199391e+01 nan nan nan nan nan nan
nan nan nan -1.790444750624821069e+01 -1.843494882292200643e+01 -1.899665415548855663e+01 -1.959228189105151685e+01 -2.022485943116807050e+01 -2.089776549883887213e+01 -2.161477894278624490e+01 -2.238013505195958430e+01 -2.319859051364818470e+01 -2.407549825507884478e+01 -2.501689347810001252e+01 -2.602959219151346204e+01 -2.712130340415865959e+01 -2.830075576600637177e+01 -2.957783868126131921e+01 -3.096375653207351775e+01 -3.247119229084849223e+01 -3.411447294534126939e+01 -3.590972307917767381e+01 -3.787498365109819076e+01 nan nan nan nan nan
nan nan nan nan -1.678264414527071224e+01 -1.730052719194501520e+01 -1.785031830221683435e+01 -1.843494882292200643e+01 -1.905770451012831757e+01 -1.972227776444704617e+01 -2.043282867939868197e+01 -2.119405648154227606e+01 -2.201128319791936860e+01 -2.289055165624831645e+01 -2.383874018317172983e+01 -2.486369657175186632e+01 -2.597439396243132137e+01 -2.718111108547720889e+01 -2.849563861824498545e+01 -2.993151184050779889e+01 -3.150426671920419608e+01 -3.323171106797936147e+01 -3.513419305691563466e+01 -3.723483398157466695e+01 -3.955966796899449633e+01 nan nan nan
nan nan nan nan -1.510109816138543337e+01 -1.557254359681027545e+01 -1.607357416474640033e+01 -1.660698057861699439e+01 -1.717590361574674418e+01 -1.778388844269251834e+01 -1.843494882292200643e+01 -1.913364320590547862e+01 -1.988516511385543595e+01 -2.069545073406327518e+01 -2.157130719125460061e+01 -2.252056560289688036e+01 -2.355226367289466438e+01 -2.467686317033705379e+01 -2.590650799951439254e+01 -2.725532837494305483e+01 -2.873979529168802927e+01 -3.037912601136834212e+01 -3.219573393471324607e+01 -3.421570213243739289e+01 -3.646923439005187362e+01 -3.899099404250546996e+01 nan nan
nan nan nan nan nan -1.381502534126161130e+01 -1.426451229807991261e+01 -1.474356283647072807e+01 -1.525511870305777151e+01 -1.580251395393551839e+01 -1.638954033403479116e+01 -1.702052561151985444e+01 -1.770042778866718436e+01 -1.843494882292200643e+01 -1.923067237566127829e+01 -2.009523119190481566e+01 -2.103751102542181073e+01 -2.206789956241022210e+01 -2.319859051364818470e+01 -2.444395478041653647e+01 -2.582099197418929037e+01 -2.734987578006988329e+01 -2.905460409907713881e+01 -3.096375653207351775e+01 -3.311134196037203736e+01 -3.553767779197437449e+01 -3.829016319224307097e+01 nan
nan nan nan nan nan nan -1.242594286542747817e+01 -1.284770485871767320e+01 -1.329857033049426818e+01 -1.378159723565361894e+01 -1.430027744918559307e+01 -1.485861444792464781e+01 -1.546121774044189046e+01 -1.611341823308928412e+01 -1.682140989004081888e+01 -1.759242456218160555e+01 -1.843494882292200643e+01 -1.935899417569471481e+01 -2.037643521383638046e+01 -2.150143432404789579e+01 -2.275097634278764147e+01 -2.414554196042164236e+01 -2.570995378081126148e+01 -2.747443162627713065e+01 -2.947588900324574723e+01 -3.175948008481281093e+01 -3.438034472384487117e+01 -3.740535663140854439e+01
nan nan nan nan nan nan nan -1.092280471986926749e+01 -1.130993247402022028e+01 -1.172511201516508095e+01 -1.217145820858746319e+01 -1.265255650055796721e+01 -1.317255342332687995e+01 -1.373626830562256451e+01 -1.434933204294713427e+01 -1.501836063115065656e+01 -1.575117366345303971e+01 -1.655707137563664588e+01 -1.744718842328219566e+01 -1.843494882292200643e+01 -1.953665493812837539e+01 -2.077225468204581560e+01 -2.216634582208246940e+01 -2.374949449286677705e+01 -2.555996517182381922e+01 -2.764597536373868891e+01 -3.006858282186245646e+01 -3.290524292298791664e+01
nan nan nan nan nan nan nan -8.972626614896386243e+00 -9.293308599397114733e+00 -9.637538112930958079e+00 -1.000797980144134591e+01 -1.040771131249005421e+01 -1.084030545433055437e+01 -1.130993247402022028e+01 -1.182148834060726372e+01 -1.238075692880718570e+01 -1.299461679191650276e+01 -1.367130713219582816e+01 -1.442077312751097828e+01 -1.525511870305777151e+01 -1.618920625702693528e+01 -1.724145939893996626e+01 -1.843494882292200643e+01 -1.979887635452492844e+01 -2.137062226934317266e+01 -2.319859051364818470e+01 -2.534617594194667944e+01 -2.789727103094762839e+01
nan nan nan nan nan nan nan nan -7.253194612725326174e+00 -7.523820438638622043e+00 -7.815293546766875821e+00 -8.130102354155985367e+00 -8.471144633014834113e+00 -8.841814560191663119e+00 -9.246112745563243251e+00 -9.688786560366807521e+00 -1.017551084304320241e+01 -1.071312302279104323e+01 -1.130993247402022028e+01 -1.197613244420335654e+01 -1.272435568542237405e+01 -1.357043438516148903e+01 -1.453445508054011270e+01 -1.564224645720872431e+01 -1.692751306414703194e+01 -1.843494882292200643e+01 -2.022485943116807050e+01 nan
nan nan nan nan nan nan nan nan nan -5.389311759973407945e+00 -5.599339336520562149e+00 -5.826342029555783064e+00 -6.072456407207709184e+00 -6.340191745909897314e+00 -6.632514615138472180e+00 -6.952957468173922351e+00 -7.305759533310831166e+00 -7.696051722016560959e+00 -8.130102354155985367e+00 -8.615648184164106382e+00 -9.162347045721702443e+00 -9.782407031807279552e+00 -1.049147701233159324e+01 -1.130993247402022028e+01 -1.226477372789240050e+01 -1.339249775375108698e+01 -1.474356283647072807e+01 nan
nan nan nan nan nan nan nan nan nan nan -3.366460663429805766e+00 -3.503531644784465549e+00 -3.652222780306328520e+00 -3.814074834290351212e+00 -3.990913098429774042e+00 -4.184916125118408381e+00 -4.398705354995524175e+00 -4.635463426902640016e+00 -4.899092453787774915e+00 -5.194428907734795153e+00 -5.527540151656180178e+00 -5.906141113770498663e+00 -6.340191745909897314e+00 -6.842773412630945629e+00 -7.431407971172511395e+00 -8.130102354155985367e+00 -8.972626614896386243e+00 nan
nan nan nan nan nan nan nan nan nan nan nan nan -1.218875235131288148e+00 -1.273030020056698630e+00 -1.332219853869637261e+00 -1.397181027296372946e+00 -1.468800714385835482e+00 -1.548157698977978836e+00 -1.636577041616720019e+00 -1.735704588928378422e+00 -1.847610265994598988e+00 -1.974934010881973068e+00 -2.121096396661455774e+00 -2.290610042638521193e+00 -2.489552921999147017e+00 -2.726310993906262414e+00 -3.012787504183327858e+00 nan
nan nan nan nan nan nan nan nan nan nan nan nan nan 1.273030020056698630e+00 1.332219853869637261e+00 1.397181027296372946e+00 1.468800714385835482e+00 1.548157698977978836e+00 1.636577041616720019e+00 1.735704588928378422e+00 1.847610265994598988e+00 1.974934010881973068e+00 2.121096396661455774e+00 2.290610042638521193e+00 2.489552921999147017e+00 2.726310993906262414e+00 3.012787504183327858e+00 nan
nan nan nan nan nan nan nan nan nan nan nan nan nan nan nan 4.184916125118408381e+00 4.398705354995524175e+00 4.635463426902640016e+00 4.899092453787774915e+00 5.194428907734795153e+00 5.527540151656180178e+00 5.906141113770498663e+00 6.340191745909897314e+00 6.842773412630945629e+00 7.431407971172511395e+00 8.130102354155985367e+00 8.972626614896386243e+00 nan
nan nan nan nan nan nan nan nan nan nan nan nan nan nan nan nan nan 7.696051722016560959e+00 8.130102354155985367e+00 8.615648184164106382e+00 9.162347045721702443e+00 9.782407031807279552e+00 1.049147701233159324e+01 1.130993247402022028e+01 1.226477372789240050e+01 1.339249775375108698e+01 1.474356283647072807e+01 nan
nan nan nan nan nan nan nan nan nan nan nan nan nan nan nan nan nan nan nan nan 1.272435568542237405e+01 1.357043438516148903e+01 1.453445508054011270e+01 1.564224645720872431e+01 1.692751306414703194e+01 1.843494882292200643e+01 nan nan
