-8.002035064022786617e+08
-4.726450447507092953e+08
-7.430841468749799728e+08
-2.383750200938287735e+09
2.313325859129754066e+09
2.096963460126693249e+09
-4.671720057908693314e+09
2.702711028272146225e+09
-4.149832895879311562e+08
1.560717896986611366e+09
2.797061261084123611e+09
-7.383194435129266977e+08
-2.542904215471018255e+08
-5.593734129678013921e+07
-3.809367327411837578e+08
-1.745392655832333863e+07
-9.571566617377513647e+07
6.762771264790713787e+07
-5.688768838325240612e+08
3.055814739090443134e+09
-2.413151889866175950e+08
3.836272404604245424e+08
1.618778197986063719e+09
2.269836180818561554e+09
7.185801820411827087e+09
2.274464525438344479e+08
1.268252520539683819e+09
-3.185237257944475174e+09
1.050468138433103180e+10
1.383762832099947548e+10
-1.990452827021504402e+09
-2.165681173858291626e+09
1.834355158971637487e+08
1.765909637153961658e+09
-1.077526257389336109e+09
-7.177371011361136436e+08
7.108232836532409191e+08
-4.210674279405679703e+08
-7.221663301287298203e+08
6.811919703835397959e+07
1.105407038230897188e+09
2.622915060387102604e+09
1.158346542074072361e+09
1.862281328994079828e+08
6.742760078968443871e+08
-2.681636279306364655e+08
-2.828006485613706112e+08
-1.213447426666098595e+09
5.149229952244971275e+09
1.586879170213921309e+09
-7.168198424502060413e+08
-1.865106221321054459e+09
-3.091123391416671276e+09
-1.433211451782698870e+09
-2.753797350428971291e+09
-1.597406276560022116e+09
-4.352988837609330416e+08
-1.220985194743101895e+08
1.520332493423805237e+08
-1.294540187067203760e+09
7.067114966369640827e+07
-1.687793228392675221e+08
6.949759349237957597e+07
-8.987995941907730699e+07
-7.626315230947925150e+07
1.098381180820594877e+08
3.436498343344771266e+08
-1.594560196999318004e+08
1.000521782306900978e+09
-1.787274600966095209e+09
-5.273311558784489632e+09
6.614718007101343155e+09
-2.622163808012254238e+08
-1.118338563460292101e+09
-1.416403589634653926e+08
2.972299306500315666e+07
-6.660842818729786873e+08
1.177075245660415411e+09
-3.094002052112673759e+09
-3.173376489784285545e+09
-1.045110735927572966e+09
-1.598284096292341948e+09
-1.961574858052267551e+09
-1.422721604939418316e+09
1.661024273022347689e+07
-1.063662782904363275e+08
-4.663116261738725007e+07
1.948354988489402235e+08
-3.580828398474572897e+08
-3.665097694182491899e+08
-3.422391317705974579e+08
1.527309625816765547e+09
-3.408320983037316322e+09
-7.897767350795209408e+08
-5.704676067432518005e+09
-5.494678712740589142e+09
4.289133786076960564e+08
1.120971352715798616e+09
4.132721870940257072e+09
-2.993312688141386986e+09
1.343480322084342003e+09
-9.383344588496379852e+08
4.949290479760953903e+09
-7.171713885654171705e+08
2.454782754010438919e+07
1.386731011683207750e+09
4.345633698113169670e+08
2.566094285934437752e+09
-8.177072297684597969e+08
6.838067684752315283e+08
3.718129388882257342e+08
-2.217871315113407969e+08
2.423804012329049110e+08
-6.271181313305678368e+08
-8.218399846517030001e+08
6.735308066859464645e+08
-9.066765443099674582e+07
1.971377787953065395e+09
4.142465863464238167e+09
1.380511267564185619e+09
-6.274757134765812159e+08
2.241311736987303257e+09
9.515623381756967545e+09
3.568721243025074959e+09
2.876052203001999855e+09
-2.135250919899605036e+09
-3.000893217373870373e+09
-4.777915568011421204e+09
-1.384343175953559875e+09
7.753041333693709373e+08
6.809383553985050917e+08
-1.957448407932065129e+08
-7.230574183059771061e+08
-3.619850860349340439e+08
-2.907340045433720946e+08
-2.834925025966092944e+08
-7.766270265833108425e+08
-1.044097675597848654e+09
3.591700868712438345e+08
-2.304762799180459976e+09
-6.346054844225124121e+08
9.100928776155836105e+09
1.360267199897921562e+09
4.546306845708313942e+09
1.380772476433526039e+09
-3.085413240389443874e+09
-3.631399892885869026e+09
-1.549226518902380466e+09
-1.075606554163978577e+09
-2.872956218776511192e+09
-4.386154057375179291e+09
-3.271791470471846581e+09
-1.802629122202698231e+09
-3.445950455538494110e+09
4.603960172361521721e+08
-3.006359284483815432e+08
-4.756462408733545542e+08
-5.128952218052269220e+08
-2.244200877037417516e+07
2.951376384351830557e+07
0.000000000000000000e+00
0.000000000000000000e+00
0.000000000000000000e+00
4.718700573286693692e+08
4.861858223407282829e+08
2.456421189139159203e+09
3.906203979972474098e+09
1.636501754850945950e+09
3.125385258884264946e+09
7.633499865561959267e+09
2.220741397902133465e+09
1.370933728819599390e+09
-2.034314382087784290e+09
5.052252258319371343e+08
-1.058207351236768961e+09
-1.009025640159644365e+09
-5.707544525936155319e+08
1.390559732728938103e+09
3.271058684142792225e+08
4.394395557191207886e+09
-8.070122344817678928e+08
-3.133583112081942558e+08
-1.123142541180658937e+08
0.000000000000000000e+00
3.577616724970275071e+06
0.000000000000000000e+00
-6.597998337914850712e+08
1.669715025948579311e+09
9.425744643881471634e+09
1.781923229606891155e+09
8.455315163028208733e+09
-2.053868048224872589e+09
-1.877299230134847879e+09
-4.058442353563569784e+08
4.811252093037679672e+09
3.451846249790145159e+08
4.985353423514851332e+08
2.548441147447073936e+09
1.288456271038366795e+09
-3.028353269638440609e+08
-1.732437782961846828e+09
-3.254050369192217827e+09
1.746153565406585217e+09
-5.465243168282742500e+08
1.025462535121945620e+09
-1.878642081236937642e+08
-4.815183872821979225e+07
-3.049737606035697460e+07
0.000000000000000000e+00
6.858134934043081999e+08
-8.981434346663541794e+08
-1.030102997155581951e+09
-6.238505911213688850e+08
-1.703647126220397472e+09
-1.672426712077862740e+09
-7.451127719080719948e+08
2.187500274286085606e+09
1.656855037395344019e+09
-4.454422120730152130e+08
-2.209887777951097488e+09
-3.241346123908401012e+09
-3.861005673754770279e+09
-6.167220062483440399e+09
-1.963066384255034447e+09
-8.786395695706189871e+08
5.535855097622406483e+08
4.567543546708616614e+08
-1.611053877015902519e+09
-3.017156076235915422e+08
-3.839465215645493269e+08
