7.772043813019990921e-03
1.052450016140937805e-02
1.138687971979379654e-02
1.022194791585206985e-02
6.514771375805139542e-03
7.985432632267475128e-03
6.463197991251945496e-03
1.250858325511217117e-02
6.106218323111534119e-03
6.955460645258426666e-03
9.282240644097328186e-03
6.583612412214279175e-03
5.065540317445993423e-03
6.978034041821956635e-03
5.938869435340166092e-03
3.535486524924635887e-03
3.627917263656854630e-03
7.224246393889188766e-03
5.546449217945337296e-03
1.416295859962701797e-02
7.719015236943960190e-03
6.477769464254379272e-03
1.954913698136806488e-02
1.298477780073881149e-02
3.245158353820443153e-03
6.925062276422977448e-03
8.929826319217681885e-03
1.048489008098840714e-02
1.319963112473487854e-02
1.636362448334693909e-02
1.356729306280612946e-02
8.973296731710433960e-03
1.111081708222627640e-02
8.870092220604419708e-03
1.117281429469585419e-02
7.070046849548816681e-03
1.016126386821269989e-02
1.186008751392364502e-02
7.202855311334133148e-03
1.050487626343965530e-02
4.551084246486425400e-03
7.252915762364864349e-03
4.851051140576601028e-03
7.014602422714233398e-03
1.295825559645891190e-02
6.289132405072450638e-03
6.603219080716371536e-03
1.213136222213506699e-02
6.869651377201080322e-03
5.182133987545967102e-03
5.260345991700887680e-03
4.905889742076396942e-03
8.387347683310508728e-03
1.039806660264730453e-02
1.182039454579353333e-02
6.134890019893646240e-03
1.310945488512516022e-02
5.893415305763483047e-03
9.274500422179698944e-03
9.985984303057193756e-03
6.194550078362226486e-03
1.381745934486389160e-02
1.390797737985849380e-02
6.654443684965372086e-03
4.993604030460119247e-03
6.171939428895711899e-03
9.386108256876468658e-03
1.045600697398185730e-02
7.553352508693933487e-03
9.454492479562759399e-03
1.272193063050508499e-02
2.823180286213755608e-03
9.690123610198497772e-03
5.385412834584712982e-03
5.811465438455343246e-03
9.829847142100334167e-03
6.628284230828285217e-03
4.393076058477163315e-03
7.792634889483451843e-03
8.085365407168865204e-03
7.678284775465726852e-03
6.550685036927461624e-03
5.985721945762634277e-03
5.908583756536245346e-03
5.343142431229352951e-03
4.781936760991811752e-03
1.394655928015708923e-02
9.721959941089153290e-03
6.553044077008962631e-03
4.309589508920907974e-03
6.261851172894239426e-03
9.203711524605751038e-03
7.243000902235507965e-03
7.080543320626020432e-03
3.493415191769599915e-03
1.649084314703941345e-02
1.629397273063659668e-02
1.052382029592990875e-02
9.933148510754108429e-03
1.086078956723213196e-02
1.027673296630382538e-02
9.089180268347263336e-03
1.558529864996671677e-02
4.130151588469743729e-03
1.041800994426012039e-02
9.811890311539173126e-03
8.232569321990013123e-03
8.122815750539302826e-03
9.793305769562721252e-03
1.369871385395526886e-02
7.898807525634765625e-03
5.729185417294502258e-03
9.701075032353401184e-03
9.113720618188381195e-03
8.281024172902107239e-03
8.266006596386432648e-03
4.761558026075363159e-03
1.233998034149408340e-02
1.298800390213727951e-02
6.857489235699176788e-03
4.953733645379543304e-03
1.065745018422603607e-02
1.137553807348012924e-02
1.576342619955539703e-02
1.135743409395217896e-02
1.080515421926975250e-02
1.017516758292913437e-02
8.831826969981193542e-03
5.546381697058677673e-03
1.880809105932712555e-02
6.644037552177906036e-03
7.649183273315429688e-03
9.619469754397869110e-03
5.922198295593261719e-03
9.913315996527671814e-03
6.677140481770038605e-03
9.376466274261474609e-03
4.312086384743452072e-03
1.612420938909053802e-02
3.534299787133932114e-03
4.159892909228801727e-03
9.598866105079650879e-03
7.440702058374881744e-03
1.108828280121088028e-02
1.129262894392013550e-02
5.548020824790000916e-03
1.469090394675731659e-02
8.495349436998367310e-03
9.468114934861660004e-03
1.792793720960617065e-02
1.268310938030481339e-02
1.162249501794576645e-02
8.585101924836635590e-03
6.679106503725051880e-03
8.910552598536014557e-03
1.141789834946393967e-02
8.524192497134208679e-03
8.542994968593120575e-03
6.710138637572526932e-03
1.331096328794956207e-02
5.773952696472406387e-03
8.579942397773265839e-03
6.531478371471166611e-03
7.931478321552276611e-03
1.157015655189752579e-02
1.053015328943729401e-02
1.469363644719123840e-02
1.392048690468072891e-02
1.460557710379362106e-02
1.266036927700042725e-02
1.002142392098903656e-02
6.973557174205780029e-03
9.522908367216587067e-03
9.880396537482738495e-03
1.462159212678670883e-02
7.543286308646202087e-03
7.027442101389169693e-03
8.607290685176849365e-03
9.734367020428180695e-03
7.761782035231590271e-03
6.316088140010833740e-03
6.231780163943767548e-03
5.121506750583648682e-03
7.181383669376373291e-03
8.771642111241817474e-03
8.185245096683502197e-03
7.789720315486192703e-03
7.196833845227956772e-03
9.854671545326709747e-03
8.079902268946170807e-03
7.597044110298156738e-03
1.172306761145591736e-02
1.049596630036830902e-02
1.699945516884326935e-02
1.865171268582344055e-02
1.361559052020311356e-02
1.767589151859283447e-02
1.610427163541316986e-02
1.895638182759284973e-02
1.212554052472114563e-02
1.759008504450321198e-02
1.135172136127948761e-02
9.943909011781215668e-03
1.011630520224571228e-02
1.175464224070310593e-02
4.771944601088762283e-03
7.968164049088954926e-03
1.481696311384439468e-02
1.227847672998905182e-02
8.066107518970966339e-03
6.229085382074117661e-03
5.432205274701118469e-03
8.468721061944961548e-03
8.249787613749504089e-03
7.608062587678432465e-03
9.024395607411861420e-03
8.055951446294784546e-03
9.518322534859180450e-03
1.363601908087730408e-02
7.252319715917110443e-03
7.855924777686595917e-03
1.599630713462829590e-02
7.747130934149026871e-03
8.686558343470096588e-03
5.816489923745393753e-03
5.549736786633729935e-03
6.288774311542510986e-03
1.076615788042545319e-02
8.148062974214553833e-03
9.177126921713352203e-03
