-2.195677891757803479e+00
-2.045933231896349014e+00
-7.728301706567681784e-01
-1.155843767841214786e+00
4.433976586988370716e-01
2.823181179098876115e+00
-6.220317186103057061e+00
1.243044578800722277e+00
2.998683591502310897e+00
5.770813596243719035e-01
3.598338103386489628e+00
-7.302269375264330842e-01
2.584464271207737696e+00
6.129536713874078613e-01
3.691979320177707913e-01
9.005388597513315219e-01
-9.191023203218771920e-02
-6.341089642281335648e-01
-3.058919017232198390e-01
1.260069258295819061e+00
-1.182118097127554224e+00
5.381909227164185378e-02
1.920385153949259571e+00
2.071216407761414580e+00
5.593896684401524766e+00
-1.211352622579343175e+00
1.772792296322226679e+00
-4.079398875247759904e+00
1.155385058329358472e+01
1.412534802333880890e+01
-2.048140819998315099e+00
-1.529821435900718285e+00
4.729303374282293748e-01
2.355976475292699934e+00
-1.983825156741811924e+00
1.423986222903582455e+00
1.796582034370152847e+00
4.654922038053334321e-02
-3.926377708049634263e-01
6.849092455670967583e-01
8.119123606495083356e-01
1.790642387993165885e+00
4.446469918435036472e-01
-5.065356632515211066e-01
5.671772080251623604e-01
-4.694987850331932416e-02
-2.362018635012589629e-01
-2.226143348434837410e+00
5.133194734624512812e+00
8.578327986721313581e-01
-5.344725699581835965e-01
-1.535113747782058224e+00
-3.602592061836569659e+00
-2.095580668780019362e+00
-2.765877763832051528e+00
-1.125366234573335511e+00
3.691973085292326595e-01
1.564729079013434720e+00
7.839779552579696775e-02
-4.496838159728527157e-02
9.922103556525256884e-01
-1.741489193384107292e-01
1.032198164188906642e-01
-2.406565159005635557e-01
-1.428658016073253850e-02
1.659409350374655701e-01
-5.255824322154935002e-01
-1.846939638589648158e+00
-2.516475383431380219e-01
-2.120616427806799376e+00
-5.423299208445722108e+00
5.269835049447098463e+00
-3.113722784132791355e-01
-2.108558536024750296e+00
2.646639493167888713e+00
-7.339754226571727491e-01
-2.202329406179048377e+00
-2.021104870560808398e-01
-3.468454470331111317e+00
-1.150275073040099683e+00
-1.912514553693745178e-01
-7.339704047424199240e-01
-1.485474009203852308e+00
-8.369221583119281771e-01
1.898504012632732607e+00
7.260908131204169003e-01
3.355234449935927121e-01
-1.122040130251150541e-01
-2.568588727027464047e-02
-1.175328702126005265e+00
-1.043693138171081225e+00
-6.318399466045467872e-01
-7.282129414849555893e+00
-5.118044741158326305e-01
-6.940494999605124171e+00
-4.249255528775864654e+00
2.281201349062553341e+00
1.412704411556802819e+00
1.452938782339838975e+00
-4.985778330283663351e+00
4.353748501679986838e+00
1.628893567189576341e+00
4.142190504390180550e+00
-1.493385752860825200e-01
-1.311689850494566434e+00
1.849509971361352534e+00
1.188740843222779064e+00
2.611876221895034877e+00
9.475575230934866200e-01
2.532899983583269066e+00
9.187688212384718112e-01
2.847596126359999147e-01
-5.750908708937800540e-02
-1.129850614358374195e+00
-9.424888877003898546e-01
-1.884046238193011480e-01
-1.765458934246757705e+00
1.688511791348445090e+00
4.066942381139514673e+00
1.594571878970099998e+00
2.214839646934484430e-01
2.407452620171132818e+00
8.489483601518259093e+00
3.482443607757977233e+00
2.078997191552751644e+00
-3.726198712513461242e+00
-4.347213606379376039e+00
-4.140458626804779385e+00
-1.215620683620791453e+00
1.692076342844731851e+00
1.164443304229909826e+00
2.480301870007392662e+00
4.912796091625328265e-01
2.164186667073942638e-01
-8.295270648756802173e-03
-2.041465921644009529e-01
-1.370382983037931268e+00
-2.230701626862454656e+00
7.169687788924117289e-01
-3.448970298410081181e+00
-2.337641258808857092e+00
9.657408440619375867e+00
6.051438635123550513e-01
4.838306103375655809e+00
1.665617926874489063e+00
-4.301532513549073400e+00
-4.150236667631053145e+00
-1.077029542849795796e+00
1.289042098359508115e+00
-2.029984777360026804e+00
-4.943320349317960272e+00
-3.235206977463860323e+00
-3.331439346220834263e+00
-3.178441672091547598e+00
-7.409172592651742939e-02
1.338060758281115703e+00
7.401078940095965342e-01
6.111908301142736644e-01
6.320938037536220078e-01
1.400254503843630371e-01
5.045181422821066325e-02
0.000000000000000000e+00
-9.626620534271336516e-02
-2.977964953399945269e-01
-1.114202490383156441e+00
2.144165102462398220e+00
2.944155892704337418e+00
2.463233252272928109e+00
2.364787152257703973e+00
7.149807658271896571e+00
2.207590094347486598e-01
2.756963843089764943e+00
-3.675651352224542645e+00
1.825332995783535139e+00
-2.199000610126036204e+00
-8.124251274153245772e-01
1.308963735085283631e+00
2.195189673787807383e+00
-3.706863628743096717e-01
2.670036916921291414e+00
2.118387625822613085e+00
1.961518776599060265e+00
1.687280572443528304e-01
2.163108571096008237e-01
3.577616724970275261e-03
-2.739842455192895709e-01
-1.321582329848434822e+00
7.201621430625712028e-01
6.478934491361270531e+00
-5.871316427679768024e-01
9.879023865474694688e+00
-3.660415526717376855e-02
-9.254826891230151231e-01
-1.927129212924832524e+00
4.172116420332992348e+00
8.481852699908841720e-01
2.026041257694972675e+00
1.566837084333704277e+00
8.474697763768788139e-01
-2.248793129071146452e-02
-2.599731698413380698e+00
-2.599057207614667409e+00
1.239677832376392619e+00
2.193631103594042120e+00
1.594894914472626324e+00
-1.906156432285270250e-02
5.938463608199004984e-01
1.402093375065441468e-02
2.133573059001889552e-02
-2.827322894388061836e-01
-1.142710181534456693e+00
-1.945011522674086946e+00
-1.460135199636204861e+00
-1.237603486506674288e+00
-1.097430278843119611e+00
-2.176407907392358787e+00
3.278080799989750993e+00
1.472165168880954278e+00
-1.472519094744823009e+00
-2.974860524248060578e+00
-3.966275590621303415e+00
-4.700094289000659842e+00
-4.995066632965873055e+00
-2.005010135823292572e+00
-4.639408417580156430e-01
1.030537243512606338e+00
2.710049187694044126e-01
-8.882217465693875713e-01
1.293689802296414504e+00
6.337911658194589348e-01
