nan nan nan 0.000000000000000000e+00 0.000000000000000000e+00 0.000000000000000000e+00 nan nan nan nan nan nan nan nan nan nan nan nan nan nan nan nan nan nan nan nan nan nan
nan nan 0.000000000000000000e+00 0.000000000000000000e+00 0.000000000000000000e+00 0.000000000000000000e+00 0.000000000000000000e+00 nan nan nan nan nan nan nan nan nan nan nan nan nan nan nan nan nan nan nan nan nan
nan nan 0.000000000000000000e+00 0.000000000000000000e+00 0.000000000000000000e+00 0.000000000000000000e+00 0.000000000000000000e+00 0.000000000000000000e+00 nan nan nan nan nan nan nan nan nan nan nan nan nan nan nan nan nan nan nan nan
nan 0.000000000000000000e+00 0.000000000000000000e+00 0.000000000000000000e+00 0.000000000000000000e+00 0.000000000000000000e+00 0.000000000000000000e+00 0.000000000000000000e+00 0.000000000000000000e+00 nan nan nan nan nan nan nan nan nan nan nan nan nan nan nan nan nan nan nan
0.000000000000000000e+00 0.000000000000000000e+00 0.000000000000000000e+00 0.000000000000000000e+00 0.000000000000000000e+00 0.000000000000000000e+00 0.000000000000000000e+00 0.000000000000000000e+00 0.000000000000000000e+00 1.505925953388214051e-03 nan nan nan nan nan nan nan nan nan nan nan nan nan nan nan nan nan nan
0.000000000000000000e+00 0.000000000000000000e+00 0.000000000000000000e+00 0.000000000000000000e+00 0.000000000000000000e+00 0.000000000000000000e+00 0.000000000000000000e+00 0.000000000000000000e+00 0.000000000000000000e+00 9.560000151395797296e-04 nan nan nan nan nan nan nan nan nan nan nan nan nan nan nan nan nan nan
0.000000000000000000e+00 0.000000000000000000e+00 0.000000000000000000e+00 0.000000000000000000e+00 0.000000000000000000e+00 0.000000000000000000e+00 0.000000000000000000e+00 0.000000000000000000e+00 0.000000000000000000e+00 nan nan nan nan nan nan nan nan nan nan nan nan nan nan nan nan nan nan nan
0.000000000000000000e+00 0.000000000000000000e+00 0.000000000000000000e+00 0.000000000000000000e+00 0.000000000000000000e+00 0.000000000000000000e+00 0.000000000000000000e+00 0.000000000000000000e+00 0.000000000000000000e+00 nan nan nan nan nan nan nan nan nan nan nan nan nan nan nan nan nan nan nan
nan 0.000000000000000000e+00 0.000000000000000000e+00 0.000000000000000000e+00 0.000000000000000000e+00 0.000000000000000000e+00 0.000000000000000000e+00 0.000000000000000000e+00 0.000000000000000000e+00 8.666666597127914342e-04 nan nan nan nan nan nan nan nan nan nan nan nan nan nan nan nan nan nan
nan 0.000000000000000000e+00 0.000000000000000000e+00 0.000000000000000000e+00 0.000000000000000000e+00 0.000000000000000000e+00 0.000000000000000000e+00 0.000000000000000000e+00 0.000000000000000000e+00 1.229777812957763734e-02 nan nan nan nan nan nan nan nan nan nan nan nan nan nan nan nan nan nan
nan 0.000000000000000000e+00 0.000000000000000000e+00 0.000000000000000000e+00 0.000000000000000000e+00 0.000000000000000000e+00 0.000000000000000000e+00 0.000000000000000000e+00 6.497036814689636369e-03 2.596370458602905232e-02 nan nan nan nan nan nan nan nan nan nan nan nan nan nan nan nan nan nan
nan nan 0.000000000000000000e+00 0.000000000000000000e+00 0.000000000000000000e+00 0.000000000000000000e+00 0.000000000000000000e+00 9.538518786430359372e-03 1.201948165893554632e-01 2.759037017822265625e-01 nan nan nan nan nan nan nan nan nan nan nan nan nan nan nan nan nan nan
nan nan 0.000000000000000000e+00 0.000000000000000000e+00 6.941111087799072508e-03 2.616666555404663017e-02 0.000000000000000000e+00 2.863481521606445201e-02 2.944318580627441340e-01 5.899033355712890447e-01 nan nan nan nan nan nan nan nan nan nan nan nan nan nan nan nan nan nan
nan nan nan nan nan nan 0.000000000000000000e+00 4.619259238243102889e-03 2.488999938964843728e-01 7.503133392333984908e-01 nan nan nan nan nan nan nan nan nan nan nan nan nan nan nan nan nan nan
nan nan nan nan nan 9.400740861892700750e-03 0.000000000000000000e+00 0.000000000000000000e+00 1.061303710937499950e-01 6.310066604614257280e-01 8.510266876220703436e-01 nan nan nan nan nan nan nan nan nan nan nan nan nan nan nan nan nan
nan nan nan nan nan 0.000000000000000000e+00 0.000000000000000000e+00 0.000000000000000000e+00 9.545925855636596541e-03 4.001185226440429621e-01 7.769095611572265359e-01 nan nan nan nan nan nan nan nan nan nan nan nan nan nan nan nan nan
nan nan nan nan nan 0.000000000000000000e+00 0.000000000000000000e+00 0.000000000000000000e+00 0.000000000000000000e+00 1.950348091125488348e-01 7.289237213134766025e-01 8.745381164550781738e-01 9.391986846923827681e-01 9.684439849853515581e-01 nan 8.490133666992187855e-01 nan nan nan nan nan nan nan nan nan nan nan nan
nan nan nan nan 0.000000000000000000e+00 0.000000000000000000e+00 0.000000000000000000e+00 0.000000000000000000e+00 0.000000000000000000e+00 1.525481462478637737e-02 2.676496315002441229e-01 6.083436965942382590e-01 8.614333343505858887e-01 9.256274414062499734e-01 9.653182983398437278e-01 nan nan nan nan nan nan nan nan nan nan nan nan nan
nan nan nan nan nan 0.000000000000000000e+00 0.000000000000000000e+00 0.000000000000000000e+00 0.000000000000000000e+00 0.000000000000000000e+00 5.417037010192871267e-03 1.136911106109619179e-01 5.402829742431640714e-01 8.756992340087890181e-01 9.129421997070312766e-01 8.881466674804687766e-01 nan nan nan nan nan nan nan nan nan nan nan nan
nan nan nan nan nan nan 0.000000000000000000e+00 0.000000000000000000e+00 0.000000000000000000e+00 0.000000000000000000e+00 0.000000000000000000e+00 0.000000000000000000e+00 8.664148330688475896e-02 5.512963104248046475e-01 8.165859222412109597e-01 8.900607299804687012e-01 9.169388580322265225e-01 9.466444396972656383e-01 9.226466369628906206e-01 nan nan nan nan nan nan nan nan nan
nan nan nan nan nan nan nan 0.000000000000000000e+00 0.000000000000000000e+00 0.000000000000000000e+00 0.000000000000000000e+00 0.000000000000000000e+00 8.755555748939514290e-04 5.894814968109130665e-02 3.420022201538086004e-01 7.873192596435546475e-01 9.175718688964843439e-01 9.413977813720703081e-01 9.628459167480468706e-01 9.583833312988281339e-01 9.909111022949218528e-01 9.993616485595703258e-01 nan nan nan nan nan nan
nan nan nan nan nan nan nan 0.000000000000000000e+00 0.000000000000000000e+00 0.000000000000000000e+00 0.000000000000000000e+00 0.000000000000000000e+00 0.000000000000000000e+00 0.000000000000000000e+00 1.130888938903808552e-02 3.364688873291015736e-01 8.036096191406250089e-01 9.356762695312500488e-01 9.631037139892577592e-01 9.697429656982421431e-01 9.822659301757812322e-01 9.895955657958984686e-01 9.995583343505859419e-01 9.295800018310547141e-01 nan nan nan nan
nan nan nan nan nan nan nan nan 0.000000000000000000e+00 0.000000000000000000e+00 0.000000000000000000e+00 0.000000000000000000e+00 0.000000000000000000e+00 0.000000000000000000e+00 0.000000000000000000e+00 1.821777820587158064e-02 4.724837112426757968e-01 8.745488739013671520e-01 9.550273895263672319e-01 9.779125976562500488e-01 9.734252166748046387e-01 9.744703674316406161e-01 9.852577972412109863e-01 9.400314331054687722e-01 nan 9.771895599365234553e-01 9.574075317382813033e-01 nan
nan nan nan nan nan nan nan nan nan 0.000000000000000000e+00 0.000000000000000000e+00 0.000000000000000000e+00 0.000000000000000000e+00 0.000000000000000000e+00 0.000000000000000000e+00 0.000000000000000000e+00 7.348444461822509211e-02 5.778748321533203613e-01 8.970555877685546520e-01 9.724703979492187456e-01 9.808184814453124734e-01 9.467118835449218617e-01 9.648903656005859419e-01 9.294481658935547230e-01 8.457628631591797008e-01 9.298916625976562100e-01 9.342866516113281783e-01 nan
nan nan nan nan nan nan nan nan nan nan 0.000000000000000000e+00 0.000000000000000000e+00 0.000000000000000000e+00 0.000000000000000000e+00 0.000000000000000000e+00 0.000000000000000000e+00 0.000000000000000000e+00 1.336281490325927634e-01 5.593236923217773660e-01 7.289992523193359331e-01 9.374059295654296742e-01 9.837540435791015669e-01 9.738985443115234508e-01 9.591310882568359064e-01 9.334044647216797053e-01 9.451385498046874778e-01 9.608925628662109419e-01 nan
nan nan nan nan nan nan nan nan nan nan nan nan 0.000000000000000000e+00 0.000000000000000000e+00 0.000000000000000000e+00 0.000000000000000000e+00 0.000000000000000000e+00 9.859259426593779824e-04 3.907999992370605330e-02 1.453511142730712913e-01 5.538444519042968750e-01 9.294162750244140403e-01 9.734592437744140625e-01 9.917488861083983975e-01 9.909918212890624911e-01 9.885095977783202592e-01 9.923725891113280850e-01 nan
nan nan nan nan nan nan nan nan nan nan nan nan nan 0.000000000000000000e+00 0.000000000000000000e+00 0.000000000000000000e+00 0.000000000000000000e+00 0.000000000000000000e+00 0.000000000000000000e+00 0.000000000000000000e+00 1.199088859558105485e-01 5.865022277832031561e-01 8.185881805419922275e-01 9.483733367919922053e-01 9.786111450195312811e-01 9.869140625000000222e-01 9.987577819824218217e-01 nan
nan nan nan nan nan nan nan nan nan nan nan nan nan nan nan 0.000000000000000000e+00 0.000000000000000000e+00 0.000000000000000000e+00 0.000000000000000000e+00 0.000000000000000000e+00 1.763703674077987584e-03 4.701555728912353710e-02 3.811407470703124800e-01 8.786451721191406161e-01 9.703926086425781472e-01 9.691992950439453081e-01 9.713303375244141113e-01 nan
nan nan nan nan nan nan nan nan nan nan nan nan nan nan nan nan nan 0.000000000000000000e+00 0.000000000000000000e+00 0.000000000000000000e+00 0.000000000000000000e+00 1.376166701316833448e-02 1.574391651153564387e-01 7.448178100585937100e-01 9.687414550781250355e-01 9.781600189208984331e-01 9.770503997802734153e-01 nan
nan nan nan nan nan nan nan nan nan nan nan nan nan nan nan nan nan nan nan nan 7.094533443450927457e-02 nan nan 5.815763092041015270e-01 9.271141052246093528e-01 9.839577484130859197e-01 nan nan
