nan nan nan 0.000000000000000000e+00 0.000000000000000000e+00 1.760740727186202968e-03 nan nan nan nan nan nan nan nan nan nan nan nan nan nan nan nan nan nan nan nan nan nan
nan nan 0.000000000000000000e+00 0.000000000000000000e+00 0.000000000000000000e+00 0.000000000000000000e+00 1.582888841629028279e-02 nan nan nan nan nan nan nan nan nan nan nan nan nan nan nan nan nan nan nan nan nan
nan nan 0.000000000000000000e+00 0.000000000000000000e+00 0.000000000000000000e+00 0.000000000000000000e+00 0.000000000000000000e+00 1.187592601776123052e-01 nan nan nan nan nan nan nan nan nan nan nan nan nan nan nan nan nan nan nan nan
nan 0.000000000000000000e+00 0.000000000000000000e+00 0.000000000000000000e+00 0.000000000000000000e+00 0.000000000000000000e+00 9.288889169692993207e-04 6.152518749237060464e-02 2.771696281433105313e-01 nan nan nan nan nan nan nan nan nan nan nan nan nan nan nan nan nan nan nan
0.000000000000000000e+00 0.000000000000000000e+00 0.000000000000000000e+00 0.000000000000000000e+00 0.000000000000000000e+00 0.000000000000000000e+00 0.000000000000000000e+00 1.211925983428955092e-02 1.814703750610351662e-01 5.714622116088867720e-01 nan nan nan nan nan nan nan nan nan nan nan nan nan nan nan nan nan nan
0.000000000000000000e+00 0.000000000000000000e+00 0.000000000000000000e+00 0.000000000000000000e+00 0.000000000000000000e+00 0.000000000000000000e+00 0.000000000000000000e+00 4.558073997497558844e-02 4.364873886108398549e-01 7.293253326416015980e-01 nan nan nan nan nan nan nan nan nan nan nan nan nan nan nan nan nan nan
0.000000000000000000e+00 0.000000000000000000e+00 0.000000000000000000e+00 0.000000000000000000e+00 0.000000000000000000e+00 0.000000000000000000e+00 0.000000000000000000e+00 8.651629447937012052e-02 6.857644653320312811e-01 nan nan nan nan nan nan nan nan nan nan nan nan nan nan nan nan nan nan nan
0.000000000000000000e+00 0.000000000000000000e+00 0.000000000000000000e+00 0.000000000000000000e+00 0.000000000000000000e+00 0.000000000000000000e+00 0.000000000000000000e+00 1.331585216522216675e-01 7.645518493652343484e-01 nan nan nan nan nan nan nan nan nan nan nan nan nan nan nan nan nan nan nan
nan 0.000000000000000000e+00 0.000000000000000000e+00 0.000000000000000000e+00 0.000000000000000000e+00 0.000000000000000000e+00 4.539259374141692803e-03 2.900074005126953014e-01 8.372489166259765581e-01 9.186190795898437900e-01 nan nan nan nan nan nan nan nan nan nan nan nan nan nan nan nan nan nan
nan 0.000000000000000000e+00 0.000000000000000000e+00 0.000000000000000000e+00 0.000000000000000000e+00 0.000000000000000000e+00 9.615555405616760254e-03 1.864851760864257857e-01 5.450037002563477007e-01 8.508769989013671431e-01 nan nan nan nan nan nan nan nan nan nan nan nan nan nan nan nan nan nan
nan 0.000000000000000000e+00 0.000000000000000000e+00 0.000000000000000000e+00 0.000000000000000000e+00 0.000000000000000000e+00 4.798518419265747001e-03 1.013785171508789079e-01 3.328326034545898704e-01 7.514718627929687367e-01 nan nan nan nan nan nan nan nan nan nan nan nan nan nan nan nan nan nan
nan nan 0.000000000000000000e+00 0.000000000000000000e+00 0.000000000000000000e+00 0.000000000000000000e+00 9.208148121833801061e-03 3.636651992797851340e-01 7.914718627929687722e-01 9.371932983398437722e-01 nan nan nan nan nan nan nan nan nan nan nan nan nan nan nan nan nan nan
nan nan 0.000000000000000000e+00 0.000000000000000000e+00 2.155377769470214755e-01 2.302400112152099693e-02 9.318518638610839367e-04 3.497488784790039329e-01 8.804074096679687100e-01 9.481124877929687500e-01 nan nan nan nan nan nan nan nan nan nan nan nan nan nan nan nan nan nan
nan nan nan nan nan nan 0.000000000000000000e+00 1.123140716552734342e-01 7.079155731201172141e-01 9.225775146484375133e-01 nan nan nan nan nan nan nan nan nan nan nan nan nan nan nan nan nan nan
nan nan nan nan nan 7.733333110809326345e-03 0.000000000000000000e+00 2.770444393157958998e-02 5.230533218383789373e-01 8.589755249023437456e-01 9.707266998291015359e-01 nan nan nan nan nan nan nan nan nan nan nan nan nan nan nan nan nan
nan nan nan nan nan 0.000000000000000000e+00 0.000000000000000000e+00 0.000000000000000000e+00 1.641207313537597634e-01 6.836007690429687367e-01 9.212542724609374956e-01 nan nan nan nan nan nan nan nan nan nan nan nan nan nan nan nan nan
nan nan nan nan nan 0.000000000000000000e+00 0.000000000000000000e+00 0.000000000000000000e+00 1.176962971687316867e-02 3.684777832031250200e-01 8.694029998779296831e-01 9.456504821777343972e-01 9.523480224609375266e-01 9.458480072021484553e-01 nan 9.381632995605468928e-01 nan nan nan nan nan nan nan nan nan nan nan nan
nan nan nan nan 0.000000000000000000e+00 0.000000000000000000e+00 0.000000000000000000e+00 0.000000000000000000e+00 0.000000000000000000e+00 7.780666828155517745e-02 4.057162857055663929e-01 6.649614715576172008e-01 8.970555877685546520e-01 9.635955810546874556e-01 9.506316375732422053e-01 nan nan nan nan nan nan nan nan nan nan nan nan nan
nan nan nan nan nan 0.000000000000000000e+00 0.000000000000000000e+00 0.000000000000000000e+00 0.000000000000000000e+00 0.000000000000000000e+00 2.263703644275665092e-03 1.099296283721923895e-01 4.810029602050781006e-01 8.582570648193359464e-01 9.556881713867187988e-01 9.247177886962890669e-01 nan nan nan nan nan nan nan nan nan nan nan nan
nan nan nan nan nan nan 0.000000000000000000e+00 0.000000000000000000e+00 0.000000000000000000e+00 0.000000000000000000e+00 0.000000000000000000e+00 0.000000000000000000e+00 4.578740596771239957e-02 4.390718460083007924e-01 7.860481262207030806e-01 8.832622528076171653e-01 8.645410919189453480e-01 9.179222106933593306e-01 9.361720275878906428e-01 nan nan nan nan nan nan nan nan nan
nan nan nan nan nan nan nan 0.000000000000000000e+00 0.000000000000000000e+00 0.000000000000000000e+00 0.000000000000000000e+00 0.000000000000000000e+00 0.000000000000000000e+00 4.207259178161620872e-02 3.721318435668945490e-01 7.535600280761718395e-01 8.992600250244140447e-01 9.141170501708983931e-01 9.537370300292968839e-01 8.954049682617187811e-01 9.576944732666015092e-01 9.684933471679687544e-01 nan nan nan nan nan nan
nan nan nan nan nan nan nan 0.000000000000000000e+00 0.000000000000000000e+00 0.000000000000000000e+00 0.000000000000000000e+00 0.000000000000000000e+00 0.000000000000000000e+00 0.000000000000000000e+00 3.457111120223999023e-02 3.865207290649413929e-01 7.705162811279296919e-01 8.991577911376953391e-01 9.222711181640624867e-01 9.258066558837890758e-01 9.257281494140624512e-01 9.648496246337890936e-01 9.722891998291015581e-01 8.879733276367187678e-01 nan nan nan nan
nan nan nan nan nan nan nan nan 0.000000000000000000e+00 0.000000000000000000e+00 0.000000000000000000e+00 0.000000000000000000e+00 0.000000000000000000e+00 0.000000000000000000e+00 0.000000000000000000e+00 7.333703517913818526e-02 5.083800125122069913e-01 8.266444396972656428e-01 9.021377563476562500e-01 9.136451721191406472e-01 9.295814514160156694e-01 9.559970092773437678e-01 9.710659027099609597e-01 9.071543121337890536e-01 nan 9.568790435791015847e-01 9.252841949462891069e-01 nan
nan nan nan nan nan nan nan nan nan 0.000000000000000000e+00 0.000000000000000000e+00 0.000000000000000000e+00 0.000000000000000000e+00 0.000000000000000000e+00 0.000000000000000000e+00 7.775555849075316966e-03 1.413037014007568481e-01 4.708725738525390558e-01 7.494681549072265137e-01 8.779541015624999778e-01 9.183088684082031383e-01 9.552651977539062811e-01 9.676570129394531650e-01 8.912036895751953569e-01 7.927923583984375355e-01 9.233733367919921831e-01 9.594496154785155939e-01 nan
nan nan nan nan nan nan nan nan nan nan 0.000000000000000000e+00 0.000000000000000000e+00 0.000000000000000000e+00 0.000000000000000000e+00 0.000000000000000000e+00 0.000000000000000000e+00 6.365185379981994421e-03 1.035370349884033175e-01 2.848266601562500222e-01 4.914740753173827970e-01 7.749229431152343528e-01 8.886044311523437766e-01 9.158525848388672230e-01 9.346807098388671964e-01 9.368851470947265891e-01 9.608948516845703391e-01 9.679725646972656694e-01 nan
nan nan nan nan nan nan nan nan nan nan nan nan 0.000000000000000000e+00 0.000000000000000000e+00 0.000000000000000000e+00 0.000000000000000000e+00 0.000000000000000000e+00 0.000000000000000000e+00 1.255037069320678704e-02 4.432222366333007924e-02 2.899977684020996205e-01 6.212955474853515403e-01 8.390659332275390847e-01 9.433281707763672141e-01 9.624392700195312234e-01 9.767778015136718839e-01 9.847385406494140181e-01 nan
nan nan nan nan nan nan nan nan nan nan nan nan nan 0.000000000000000000e+00 0.000000000000000000e+00 0.000000000000000000e+00 0.000000000000000000e+00 0.000000000000000000e+00 0.000000000000000000e+00 0.000000000000000000e+00 2.481555461883544825e-02 1.379274082183837846e-01 4.311859130859375111e-01 8.425259399414062322e-01 9.443059539794922408e-01 9.725481414794922008e-01 9.805622100830078125e-01 nan
nan nan nan nan nan nan nan nan nan nan nan nan nan nan nan 0.000000000000000000e+00 0.000000000000000000e+00 0.000000000000000000e+00 0.000000000000000000e+00 0.000000000000000000e+00 0.000000000000000000e+00 9.022222459316253749e-04 1.545288848876953114e-01 6.805207061767578613e-01 9.235762786865234775e-01 9.434014892578125311e-01 9.591933441162109331e-01 nan
nan nan nan nan nan nan nan nan nan nan nan nan nan nan nan nan nan 0.000000000000000000e+00 0.000000000000000000e+00 2.661999940872192272e-02 4.994518756866454801e-02 2.172333240509033078e-02 2.166983413696288996e-01 5.421540832519531339e-01 8.590577697753906117e-01 9.380192565917968572e-01 9.480133056640625000e-01 nan
nan nan nan nan nan nan nan nan nan nan nan nan nan nan nan nan nan nan nan nan 4.042146682739257701e-01 nan nan 5.971392440795898482e-01 7.556970214843750089e-01 9.557770538330078169e-01 nan nan
