nan nan nan 0.000000000000000000e+00 0.000000000000000000e+00 0.000000000000000000e+00 nan nan nan nan nan nan nan nan nan nan nan nan nan nan nan nan nan nan nan nan nan nan
nan nan 0.000000000000000000e+00 0.000000000000000000e+00 0.000000000000000000e+00 0.000000000000000000e+00 0.000000000000000000e+00 nan nan nan nan nan nan nan nan nan nan nan nan nan nan nan nan nan nan nan nan nan
nan nan 0.000000000000000000e+00 0.000000000000000000e+00 0.000000000000000000e+00 0.000000000000000000e+00 0.000000000000000000e+00 2.612444400787353530e-02 nan nan nan nan nan nan nan nan nan nan nan nan nan nan nan nan nan nan nan nan
nan 0.000000000000000000e+00 0.000000000000000000e+00 0.000000000000000000e+00 0.000000000000000000e+00 0.000000000000000000e+00 0.000000000000000000e+00 0.000000000000000000e+00 1.194362926483154286e-01 nan nan nan nan nan nan nan nan nan nan nan nan nan nan nan nan nan nan nan
0.000000000000000000e+00 0.000000000000000000e+00 0.000000000000000000e+00 0.000000000000000000e+00 0.000000000000000000e+00 0.000000000000000000e+00 0.000000000000000000e+00 1.408148109912872332e-03 1.155200004577636719e-01 5.844800186157226296e-01 nan nan nan nan nan nan nan nan nan nan nan nan nan nan nan nan nan nan
0.000000000000000000e+00 0.000000000000000000e+00 0.000000000000000000e+00 0.000000000000000000e+00 0.000000000000000000e+00 0.000000000000000000e+00 0.000000000000000000e+00 1.067333340644836467e-02 2.719925880432129128e-01 6.420893096923827592e-01 nan nan nan nan nan nan nan nan nan nan nan nan nan nan nan nan nan nan
0.000000000000000000e+00 0.000000000000000000e+00 0.000000000000000000e+00 0.000000000000000000e+00 0.000000000000000000e+00 0.000000000000000000e+00 0.000000000000000000e+00 5.864074230194091936e-02 6.472792816162109553e-01 nan nan nan nan nan nan nan nan nan nan nan nan nan nan nan nan nan nan nan
0.000000000000000000e+00 0.000000000000000000e+00 0.000000000000000000e+00 0.000000000000000000e+00 0.000000000000000000e+00 0.000000000000000000e+00 0.000000000000000000e+00 1.642533302307128962e-01 8.214073944091796475e-01 nan nan nan nan nan nan nan nan nan nan nan nan nan nan nan nan nan nan nan
nan 0.000000000000000000e+00 0.000000000000000000e+00 0.000000000000000000e+00 0.000000000000000000e+00 0.000000000000000000e+00 0.000000000000000000e+00 2.870733261108398549e-01 8.846910858154296564e-01 9.007828521728515891e-01 nan nan nan nan nan nan nan nan nan nan nan nan nan nan nan nan nan nan
nan 0.000000000000000000e+00 0.000000000000000000e+00 0.000000000000000000e+00 0.000000000000000000e+00 0.000000000000000000e+00 0.000000000000000000e+00 1.783014869689941440e-01 8.155451965332031206e-01 9.421874237060546831e-01 nan nan nan nan nan nan nan nan nan nan nan nan nan nan nan nan nan nan
nan 0.000000000000000000e+00 0.000000000000000000e+00 0.000000000000000000e+00 0.000000000000000000e+00 0.000000000000000000e+00 0.000000000000000000e+00 6.636444568634032593e-02 7.144747924804687456e-01 9.607029724121093350e-01 nan nan nan nan nan nan nan nan nan nan nan nan nan nan nan nan nan nan
nan nan 0.000000000000000000e+00 0.000000000000000000e+00 0.000000000000000000e+00 0.000000000000000000e+00 0.000000000000000000e+00 1.293081474304199341e-01 7.507466888427734020e-01 9.500341033935546520e-01 nan nan nan nan nan nan nan nan nan nan nan nan nan nan nan nan nan nan
nan nan 0.000000000000000000e+00 0.000000000000000000e+00 0.000000000000000000e+00 1.862533330917358343e-02 0.000000000000000000e+00 8.294592857360839899e-02 6.395962905883788574e-01 9.083141326904297097e-01 nan nan nan nan nan nan nan nan nan nan nan nan nan nan nan nan nan nan
nan nan nan nan nan nan 0.000000000000000000e+00 1.097703695297241183e-02 3.496259307861327992e-01 8.308408355712890714e-01 nan nan nan nan nan nan nan nan nan nan nan nan nan nan nan nan nan nan
nan nan nan nan nan 1.047777771949768080e-02 0.000000000000000000e+00 0.000000000000000000e+00 1.733703613281250000e-01 7.467095947265625089e-01 8.895600128173828391e-01 nan nan nan nan nan nan nan nan nan nan nan nan nan nan nan nan nan
nan nan nan nan nan 0.000000000000000000e+00 0.000000000000000000e+00 0.000000000000000000e+00 5.062963008880615179e-02 5.537022399902343794e-01 8.437761688232421342e-01 nan nan nan nan nan nan nan nan nan nan nan nan nan nan nan nan nan
nan nan nan nan nan 0.000000000000000000e+00 0.000000000000000000e+00 0.000000000000000000e+00 1.945925951004028390e-03 2.639355468749999822e-01 7.520881652832031028e-01 8.919352722167969150e-01 9.618586730957031650e-01 9.937960052490234508e-01 nan 9.271399688720702859e-01 nan nan nan nan nan nan nan nan nan nan nan nan
nan nan nan nan 0.000000000000000000e+00 0.000000000000000000e+00 0.000000000000000000e+00 0.000000000000000000e+00 0.000000000000000000e+00 8.072148323059082087e-02 3.819570541381835938e-01 6.824259185791015092e-01 8.815792846679687544e-01 9.632718658447265714e-01 9.870375061035155939e-01 nan nan nan nan nan nan nan nan nan nan nan nan nan
nan nan nan nan nan 0.000000000000000000e+00 0.000000000000000000e+00 0.000000000000000000e+00 0.000000000000000000e+00 1.009629666805267421e-03 2.773926019668579088e-02 2.474296379089355458e-01 6.397081375122070090e-01 8.675014495849608931e-01 9.393318176269531694e-01 9.418166351318358887e-01 nan nan nan nan nan nan nan nan nan nan nan nan
nan nan nan nan nan nan 0.000000000000000000e+00 0.000000000000000000e+00 0.000000000000000000e+00 0.000000000000000000e+00 0.000000000000000000e+00 6.901481747627257954e-03 2.170607376098632746e-01 6.321170425415039151e-01 8.520570373535156783e-01 9.152532958984375133e-01 9.182577514648437855e-01 9.406199645996093928e-01 9.217773437499999778e-01 nan nan nan nan nan nan nan nan nan
nan nan nan nan nan nan nan 0.000000000000000000e+00 0.000000000000000000e+00 0.000000000000000000e+00 0.000000000000000000e+00 0.000000000000000000e+00 2.326814889907836970e-02 1.909044456481933660e-01 5.294533157348633168e-01 8.329192352294921831e-01 9.416140747070312900e-01 9.699400329589843439e-01 9.706414794921874867e-01 9.534317016601562278e-01 9.573222351074218706e-01 9.776516723632812100e-01 nan nan nan nan nan nan
nan nan nan nan nan nan nan 0.000000000000000000e+00 0.000000000000000000e+00 0.000000000000000000e+00 0.000000000000000000e+00 0.000000000000000000e+00 0.000000000000000000e+00 1.785185188055038452e-03 7.139555454254149780e-02 4.630281448364257924e-01 8.346051788330077770e-01 9.486718750000000533e-01 9.668473815917968395e-01 9.687436676025390492e-01 9.552688598632812500e-01 9.733637237548827814e-01 9.815525054931640847e-01 8.823466491699218928e-01 nan nan nan nan
nan nan nan nan nan nan nan nan 0.000000000000000000e+00 0.000000000000000000e+00 0.000000000000000000e+00 0.000000000000000000e+00 0.000000000000000000e+00 0.000000000000000000e+00 0.000000000000000000e+00 3.526740789413452398e-02 5.233903884887695090e-01 9.011918640136719061e-01 9.625733184814453391e-01 9.784414672851562411e-01 9.595266723632812633e-01 9.396940612792968883e-01 9.384022521972655850e-01 8.950161743164062322e-01 nan 9.609438323974609508e-01 9.233992004394531161e-01 nan
nan nan nan nan nan nan nan nan nan 0.000000000000000000e+00 0.000000000000000000e+00 0.000000000000000000e+00 0.000000000000000000e+00 0.000000000000000000e+00 0.000000000000000000e+00 0.000000000000000000e+00 1.049674034118652372e-01 6.317822265625000488e-01 9.282044219970703169e-01 9.693133544921874734e-01 9.797666931152343439e-01 9.545125579833984020e-01 9.450273895263672230e-01 9.242622375488280806e-01 8.418904876708984686e-01 9.276474761962890669e-01 9.584696197509765536e-01 nan
nan nan nan nan nan nan nan nan nan nan 0.000000000000000000e+00 0.000000000000000000e+00 0.000000000000000000e+00 0.000000000000000000e+00 0.000000000000000000e+00 0.000000000000000000e+00 2.460740804672241055e-03 1.666392517089843872e-01 5.001163101196288707e-01 6.582377624511718262e-01 8.813185119628905717e-01 9.717147827148437944e-01 9.706192779541015225e-01 9.558621978759765936e-01 9.597407531738281206e-01 9.788726043701171387e-01 9.904888916015625044e-01 nan
nan nan nan nan nan nan nan nan nan nan nan nan 0.000000000000000000e+00 0.000000000000000000e+00 0.000000000000000000e+00 0.000000000000000000e+00 0.000000000000000000e+00 0.000000000000000000e+00 1.178370356559753362e-02 6.287555694580078403e-02 4.342510986328125266e-01 8.853881835937500444e-01 9.512422180175781339e-01 9.579207611083984109e-01 9.745807647705078125e-01 9.908429718017578436e-01 9.992778015136718484e-01 nan
nan nan nan nan nan nan nan nan nan nan nan nan nan 0.000000000000000000e+00 0.000000000000000000e+00 0.000000000000000000e+00 0.000000000000000000e+00 0.000000000000000000e+00 0.000000000000000000e+00 0.000000000000000000e+00 5.342888832092285156e-02 4.417540740966796609e-01 7.411651611328125000e-01 9.511637115478515092e-01 9.793207550048828036e-01 9.831570434570312544e-01 9.859059143066406516e-01 nan
nan nan nan nan nan nan nan nan nan nan nan nan nan nan nan 0.000000000000000000e+00 0.000000000000000000e+00 0.000000000000000000e+00 0.000000000000000000e+00 0.000000000000000000e+00 1.844888925552368164e-02 4.052444458007812417e-02 4.064710998535156494e-01 8.941999816894531383e-01 9.723799896240233887e-01 9.689303588867187456e-01 9.797392272949219105e-01 nan
nan nan nan nan nan nan nan nan nan nan nan nan nan nan nan nan nan 0.000000000000000000e+00 1.124444454908371006e-03 1.491125965118408336e-01 3.816740798950195579e-01 3.321216583251953014e-01 4.177474975585937500e-01 8.236711120605468839e-01 9.661074066162109730e-01 9.600666809082031294e-01 9.643740844726562678e-01 nan
nan nan nan nan nan nan nan nan nan nan nan nan nan nan nan nan nan nan nan nan 6.664053344726562633e-01 nan nan 6.765755462646484419e-01 9.467874145507813033e-01 9.890940856933593262e-01 nan nan
