nan nan nan 0.000000000000000000e+00 0.000000000000000000e+00 0.000000000000000000e+00 nan nan nan nan nan nan nan nan nan nan nan nan nan nan nan nan nan nan nan nan nan nan
nan nan 0.000000000000000000e+00 0.000000000000000000e+00 0.000000000000000000e+00 0.000000000000000000e+00 0.000000000000000000e+00 nan nan nan nan nan nan nan nan nan nan nan nan nan nan nan nan nan nan nan nan nan
nan nan 0.000000000000000000e+00 0.000000000000000000e+00 0.000000000000000000e+00 0.000000000000000000e+00 0.000000000000000000e+00 9.607407450675964529e-04 nan nan nan nan nan nan nan nan nan nan nan nan nan nan nan nan nan nan nan nan
nan 0.000000000000000000e+00 0.000000000000000000e+00 0.000000000000000000e+00 0.000000000000000000e+00 0.000000000000000000e+00 0.000000000000000000e+00 0.000000000000000000e+00 2.594148159027099762e-02 nan nan nan nan nan nan nan nan nan nan nan nan nan nan nan nan nan nan nan
0.000000000000000000e+00 0.000000000000000000e+00 0.000000000000000000e+00 0.000000000000000000e+00 0.000000000000000000e+00 0.000000000000000000e+00 0.000000000000000000e+00 0.000000000000000000e+00 4.005185127258301114e-02 3.946036911010742387e-01 nan nan nan nan nan nan nan nan nan nan nan nan nan nan nan nan nan nan
0.000000000000000000e+00 0.000000000000000000e+00 0.000000000000000000e+00 0.000000000000000000e+00 0.000000000000000000e+00 0.000000000000000000e+00 0.000000000000000000e+00 8.592592924833297860e-04 1.778111076354980391e-01 4.648213195800781072e-01 nan nan nan nan nan nan nan nan nan nan nan nan nan nan nan nan nan nan
0.000000000000000000e+00 0.000000000000000000e+00 0.000000000000000000e+00 0.000000000000000000e+00 0.000000000000000000e+00 0.000000000000000000e+00 0.000000000000000000e+00 3.364370346069336243e-02 4.847837066650390603e-01 nan nan nan nan nan nan nan nan nan nan nan nan nan nan nan nan nan nan nan
0.000000000000000000e+00 0.000000000000000000e+00 0.000000000000000000e+00 0.000000000000000000e+00 0.000000000000000000e+00 0.000000000000000000e+00 0.000000000000000000e+00 1.610392570495605413e-01 7.061229705810546653e-01 nan nan nan nan nan nan nan nan nan nan nan nan nan nan nan nan nan nan nan
nan 0.000000000000000000e+00 0.000000000000000000e+00 0.000000000000000000e+00 0.000000000000000000e+00 0.000000000000000000e+00 1.034444451332092348e-02 3.932155609130859597e-01 8.408348083496093306e-01 8.780209350585937988e-01 nan nan nan nan nan nan nan nan nan nan nan nan nan nan nan nan nan nan
nan 0.000000000000000000e+00 0.000000000000000000e+00 0.000000000000000000e+00 0.000000000000000000e+00 0.000000000000000000e+00 3.103703737258911230e-02 4.079600143432617343e-01 8.627281188964843750e-01 8.902384948730468484e-01 nan nan nan nan nan nan nan nan nan nan nan nan nan nan nan nan nan nan
nan 0.000000000000000000e+00 0.000000000000000000e+00 0.000000000000000000e+00 0.000000000000000000e+00 0.000000000000000000e+00 5.064222335815429799e-02 5.064814758300780762e-01 9.323785400390625089e-01 9.367940521240234464e-01 nan nan nan nan nan nan nan nan nan nan nan nan nan nan nan nan nan nan
nan nan 0.000000000000000000e+00 0.000000000000000000e+00 0.000000000000000000e+00 0.000000000000000000e+00 4.917925834655761941e-02 5.209859085083007324e-01 8.882859039306640891e-01 9.324325561523437722e-01 nan nan nan nan nan nan nan nan nan nan nan nan nan nan nan nan nan nan
nan nan 0.000000000000000000e+00 0.000000000000000000e+00 0.000000000000000000e+00 2.078266620635986495e-02 8.958518505096435547e-03 2.478629684448242221e-01 7.294148254394531294e-01 9.179966735839844016e-01 nan nan nan nan nan nan nan nan nan nan nan nan nan nan nan nan nan nan
nan nan nan nan nan nan 0.000000000000000000e+00 1.837037086486816365e-02 4.356170272827148415e-01 8.936875152587890891e-01 nan nan nan nan nan nan nan nan nan nan nan nan nan nan nan nan nan nan
nan nan nan nan nan 1.075925946235656815e-02 0.000000000000000000e+00 0.000000000000000000e+00 2.128585243225097623e-01 7.780867004394531605e-01 9.354833221435546742e-01 nan nan nan nan nan nan nan nan nan nan nan nan nan nan nan nan nan
nan nan nan nan nan 0.000000000000000000e+00 0.000000000000000000e+00 0.000000000000000000e+00 4.528814792633056863e-02 5.469703674316406250e-01 8.648838043212890847e-01 nan nan nan nan nan nan nan nan nan nan nan nan nan nan nan nan nan
nan nan nan nan nan 0.000000000000000000e+00 0.000000000000000000e+00 0.000000000000000000e+00 2.749629616737365567e-03 3.099629592895507546e-01 8.189014434814453347e-01 9.453514099121094194e-01 9.780079650878906738e-01 9.855733489990234908e-01 nan 9.126733398437499867e-01 nan nan nan nan nan nan nan nan nan nan nan nan
nan nan nan nan 0.000000000000000000e+00 0.000000000000000000e+00 0.000000000000000000e+00 0.000000000000000000e+00 0.000000000000000000e+00 4.897481441497802956e-02 3.416422271728515869e-01 6.776407623291015314e-01 9.028363037109374822e-01 9.730992889404297408e-01 9.807074737548827637e-01 nan nan nan nan nan nan nan nan nan nan nan nan nan
nan nan nan nan nan 0.000000000000000000e+00 0.000000000000000000e+00 0.000000000000000000e+00 0.000000000000000000e+00 0.000000000000000000e+00 5.805185437202453960e-03 1.849792671203613348e-01 5.527488708496093306e-01 8.376473999023437145e-01 9.248133087158203480e-01 9.447467041015624734e-01 nan nan nan nan nan nan nan nan nan nan nan nan
nan nan nan nan nan nan 0.000000000000000000e+00 0.000000000000000000e+00 0.000000000000000000e+00 0.000000000000000000e+00 0.000000000000000000e+00 0.000000000000000000e+00 1.159614849090576105e-01 4.759222412109375133e-01 7.517073822021483887e-01 8.902755737304687278e-01 8.972344207763671697e-01 9.557978057861328258e-01 9.384693145751953347e-01 nan nan nan nan nan nan nan nan nan
nan nan nan nan nan nan nan 0.000000000000000000e+00 0.000000000000000000e+00 0.000000000000000000e+00 0.000000000000000000e+00 0.000000000000000000e+00 0.000000000000000000e+00 6.496592521667481079e-02 3.543659210205077903e-01 7.177629852294922230e-01 9.174163055419921609e-01 9.634051513671875178e-01 9.842726135253906383e-01 9.494233703613281783e-01 9.674855804443359686e-01 9.837349700927734419e-01 nan nan nan nan nan nan
nan nan nan nan nan nan nan 0.000000000000000000e+00 0.000000000000000000e+00 0.000000000000000000e+00 0.000000000000000000e+00 0.000000000000000000e+00 0.000000000000000000e+00 0.000000000000000000e+00 2.391999959945678711e-02 3.477785110473632924e-01 7.806948089599609064e-01 9.108385467529296342e-01 9.488281250000000222e-01 9.571029663085937056e-01 9.284496307373046875e-01 9.835992431640625533e-01 9.948166656494140669e-01 9.181066894531250133e-01 nan nan nan nan
nan nan nan nan nan nan nan nan 0.000000000000000000e+00 0.000000000000000000e+00 0.000000000000000000e+00 0.000000000000000000e+00 0.000000000000000000e+00 0.000000000000000000e+00 0.000000000000000000e+00 3.829407453536987083e-02 5.184896469116211382e-01 8.634044647216796431e-01 9.381111145019531694e-01 9.478710937500000044e-01 9.429289245605468883e-01 9.601318359374999556e-01 9.808881378173828214e-01 9.411314392089843439e-01 nan 9.753552246093749600e-01 9.438158416748047008e-01 nan
nan nan nan nan nan nan nan nan nan 0.000000000000000000e+00 0.000000000000000000e+00 0.000000000000000000e+00 0.000000000000000000e+00 0.000000000000000000e+00 0.000000000000000000e+00 0.000000000000000000e+00 6.072592735290527344e-02 5.023659133911132502e-01 8.873718261718750444e-01 9.375844573974609908e-01 9.618903350830078081e-01 9.584384918212890403e-01 9.654874420166015270e-01 9.444925689697265536e-01 8.531237792968749956e-01 9.392942047119140492e-01 9.749325561523437544e-01 nan
nan nan nan nan nan nan nan nan nan nan 0.000000000000000000e+00 0.000000000000000000e+00 0.000000000000000000e+00 0.000000000000000000e+00 0.000000000000000000e+00 0.000000000000000000e+00 0.000000000000000000e+00 7.439851760864257812e-02 4.291985321044922141e-01 6.399881362915038618e-01 8.791933441162109730e-01 9.551214599609374467e-01 9.755200195312500044e-01 9.702614593505859419e-01 9.630955505371093794e-01 9.816636657714843395e-01 9.952607727050781783e-01 nan
nan nan nan nan nan nan nan nan nan nan nan nan 0.000000000000000000e+00 0.000000000000000000e+00 0.000000000000000000e+00 0.000000000000000000e+00 0.000000000000000000e+00 0.000000000000000000e+00 5.745925903320312465e-03 5.359259128570556530e-02 3.447266769409179643e-01 7.553303527832031516e-01 9.143222045898437012e-01 9.636163330078124645e-01 9.799185180664062855e-01 9.898614501953124645e-01 9.948192596435546653e-01 nan
nan nan nan nan nan nan nan nan nan nan nan nan nan 0.000000000000000000e+00 0.000000000000000000e+00 0.000000000000000000e+00 0.000000000000000000e+00 0.000000000000000000e+00 0.000000000000000000e+00 0.000000000000000000e+00 7.348147779703140129e-04 1.881688880920410201e-01 5.458000183105469194e-01 9.150792694091797186e-01 9.799688720703124689e-01 9.874474334716797363e-01 9.925163269042969194e-01 nan
nan nan nan nan nan nan nan nan nan nan nan nan nan nan nan 0.000000000000000000e+00 0.000000000000000000e+00 0.000000000000000000e+00 0.000000000000000000e+00 0.000000000000000000e+00 8.082222342491150041e-03 1.071481466293335016e-02 1.607977867126464955e-01 7.784318542480468395e-01 9.835340881347656161e-01 9.788229370117187411e-01 9.828926086425781028e-01 nan
nan nan nan nan nan nan nan nan nan nan nan nan nan nan nan nan nan 0.000000000000000000e+00 4.253333210945129186e-03 1.265762996673583940e-01 3.091637039184570446e-01 1.923150062561035101e-01 1.318916702270507835e-01 6.143526077270508035e-01 9.594955444335937500e-01 9.762214660644531472e-01 9.757962799072266158e-01 nan
nan nan nan nan nan nan nan nan nan nan nan nan nan nan nan nan nan nan nan nan 6.341386795043945090e-01 nan nan 5.186496353149414595e-01 9.026637268066406428e-01 9.765695953369140092e-01 nan nan
