nan nan nan 0.000000000000000000e+00 0.000000000000000000e+00 0.000000000000000000e+00 nan nan nan nan nan nan nan nan nan nan nan nan nan nan nan nan nan nan nan nan nan nan
nan nan 0.000000000000000000e+00 0.000000000000000000e+00 0.000000000000000000e+00 0.000000000000000000e+00 3.275873015873016769e-02 nan nan nan nan nan nan nan nan nan nan nan nan nan nan nan nan nan nan nan nan nan
nan nan 0.000000000000000000e+00 0.000000000000000000e+00 0.000000000000000000e+00 0.000000000000000000e+00 0.000000000000000000e+00 1.293174603174603310e-01 nan nan nan nan nan nan nan nan nan nan nan nan nan nan nan nan nan nan nan nan
nan 0.000000000000000000e+00 0.000000000000000000e+00 0.000000000000000000e+00 0.000000000000000000e+00 0.000000000000000000e+00 0.000000000000000000e+00 7.658571428571428474e-02 4.283523809523808734e-01 nan nan nan nan nan nan nan nan nan nan nan nan nan nan nan nan nan nan nan
0.000000000000000000e+00 0.000000000000000000e+00 0.000000000000000000e+00 0.000000000000000000e+00 0.000000000000000000e+00 0.000000000000000000e+00 0.000000000000000000e+00 1.192444444444444446e-01 3.475269841269841287e-01 5.382269841269841093e-01 nan nan nan nan nan nan nan nan nan nan nan nan nan nan nan nan nan nan
0.000000000000000000e+00 0.000000000000000000e+00 0.000000000000000000e+00 0.000000000000000000e+00 0.000000000000000000e+00 0.000000000000000000e+00 0.000000000000000000e+00 7.330158730158731033e-03 2.781365079365079040e-01 5.479114285714286048e-01 nan nan nan nan nan nan nan nan nan nan nan nan nan nan nan nan nan nan
0.000000000000000000e+00 0.000000000000000000e+00 0.000000000000000000e+00 0.000000000000000000e+00 0.000000000000000000e+00 0.000000000000000000e+00 0.000000000000000000e+00 7.509365079365078188e-02 4.786015873015873057e-01 nan nan nan nan nan nan nan nan nan nan nan nan nan nan nan nan nan nan nan
0.000000000000000000e+00 0.000000000000000000e+00 0.000000000000000000e+00 0.000000000000000000e+00 0.000000000000000000e+00 0.000000000000000000e+00 0.000000000000000000e+00 1.728079365079365215e-01 5.535777777777778352e-01 nan nan nan nan nan nan nan nan nan nan nan nan nan nan nan nan nan nan nan
nan 0.000000000000000000e+00 0.000000000000000000e+00 0.000000000000000000e+00 0.000000000000000000e+00 0.000000000000000000e+00 1.508095238095238239e-02 3.933777777777777152e-01 7.089063492063492067e-01 8.473653061224490912e-01 nan nan nan nan nan nan nan nan nan nan nan nan nan nan nan nan nan nan
nan 0.000000000000000000e+00 0.000000000000000000e+00 0.000000000000000000e+00 0.000000000000000000e+00 0.000000000000000000e+00 0.000000000000000000e+00 2.131095238095238320e-01 7.408603174603175523e-01 9.501444444444444581e-01 nan nan nan nan nan nan nan nan nan nan nan nan nan nan nan nan nan nan
nan 0.000000000000000000e+00 0.000000000000000000e+00 0.000000000000000000e+00 0.000000000000000000e+00 0.000000000000000000e+00 0.000000000000000000e+00 5.343174603174603160e-02 6.142047619047619200e-01 9.360507936507937998e-01 nan nan nan nan nan nan nan nan nan nan nan nan nan nan nan nan nan nan
nan nan 0.000000000000000000e+00 0.000000000000000000e+00 0.000000000000000000e+00 0.000000000000000000e+00 0.000000000000000000e+00 7.047777777777777808e-02 4.225476190476190608e-01 8.358968253968254158e-01 nan nan nan nan nan nan nan nan nan nan nan nan nan nan nan nan nan nan
nan nan 0.000000000000000000e+00 0.000000000000000000e+00 5.569047619047619302e-03 2.338000000000000148e-02 0.000000000000000000e+00 2.365873015873016030e-02 3.771714285714286019e-01 7.544875000000001997e-01 nan nan nan nan nan nan nan nan nan nan nan nan nan nan nan nan nan nan
nan nan nan nan nan nan 0.000000000000000000e+00 1.365079365079364905e-03 2.445682539682539902e-01 7.510857142857142454e-01 nan nan nan nan nan nan nan nan nan nan nan nan nan nan nan nan nan nan
nan nan nan nan nan 9.453968253968256241e-03 0.000000000000000000e+00 0.000000000000000000e+00 1.221428571428571502e-01 6.425492063492064254e-01 8.861928571428572265e-01 nan nan nan nan nan nan nan nan nan nan nan nan nan nan nan nan nan
nan nan nan nan nan 0.000000000000000000e+00 0.000000000000000000e+00 0.000000000000000000e+00 6.126984126984127456e-03 3.714714285714286190e-01 6.901979591836735484e-01 nan nan nan nan nan nan nan nan nan nan nan nan nan nan nan nan nan
nan nan nan nan nan 0.000000000000000000e+00 0.000000000000000000e+00 0.000000000000000000e+00 0.000000000000000000e+00 1.237746031746031622e-01 5.779158730158731050e-01 7.390612244897958316e-01 7.747542857142858397e-01 9.313228571428571190e-01 nan 9.426857142857144600e-01 nan nan nan nan nan nan nan nan nan nan nan nan
nan nan nan nan 0.000000000000000000e+00 0.000000000000000000e+00 0.000000000000000000e+00 0.000000000000000000e+00 0.000000000000000000e+00 4.633333333333333054e-03 1.797142857142857431e-01 4.960619047619047595e-01 6.787349206349206909e-01 6.715873015873015106e-01 7.020714285714285685e-01 nan nan nan nan nan nan nan nan nan nan nan nan nan
nan nan nan nan nan 0.000000000000000000e+00 0.000000000000000000e+00 0.000000000000000000e+00 0.000000000000000000e+00 0.000000000000000000e+00 0.000000000000000000e+00 6.746666666666666090e-02 4.109174603174603480e-01 6.569492063492063938e-01 5.804841269841269913e-01 7.244666666666665922e-01 nan nan nan nan nan nan nan nan nan nan nan nan
nan nan nan nan nan nan 0.000000000000000000e+00 0.000000000000000000e+00 0.000000000000000000e+00 0.000000000000000000e+00 0.000000000000000000e+00 0.000000000000000000e+00 9.542539682539681600e-02 5.322968253968254349e-01 7.506746031746032166e-01 7.645904761904763758e-01 8.232761904761903837e-01 9.676809523809523084e-01 9.503571428571427893e-01 nan nan nan nan nan nan nan nan nan
nan nan nan nan nan nan nan 0.000000000000000000e+00 0.000000000000000000e+00 0.000000000000000000e+00 0.000000000000000000e+00 0.000000000000000000e+00 0.000000000000000000e+00 1.061238095238095230e-01 4.970555555555555838e-01 7.360095238095237802e-01 8.163968253968253430e-01 8.578158730158730316e-01 8.827031746031747117e-01 8.499178571428571694e-01 9.931142857142858382e-01 9.914464285714285063e-01 nan nan nan nan nan nan
nan nan nan nan nan nan nan 0.000000000000000000e+00 0.000000000000000000e+00 0.000000000000000000e+00 0.000000000000000000e+00 0.000000000000000000e+00 0.000000000000000000e+00 5.053968253968254241e-03 1.201634920634920833e-01 4.207253968253967802e-01 6.731523809523810575e-01 7.800396825396824774e-01 8.597142857142858752e-01 8.818650793650794073e-01 8.638666666666666716e-01 9.798634920634919920e-01 9.820607142857141758e-01 9.383428571428571452e-01 nan nan nan nan
nan nan nan nan nan nan nan nan 0.000000000000000000e+00 0.000000000000000000e+00 0.000000000000000000e+00 0.000000000000000000e+00 0.000000000000000000e+00 0.000000000000000000e+00 0.000000000000000000e+00 7.811111111111110339e-02 4.419476190476190336e-01 7.031063492063492903e-01 7.900746031746030962e-01 7.946365079365079742e-01 8.114492063492063645e-01 9.479317460317459032e-01 9.760682539682540293e-01 8.862428571428573321e-01 nan 9.414938775510204305e-01 9.324767857142858274e-01 nan
nan nan nan nan nan nan nan nan nan 0.000000000000000000e+00 0.000000000000000000e+00 0.000000000000000000e+00 0.000000000000000000e+00 0.000000000000000000e+00 0.000000000000000000e+00 0.000000000000000000e+00 1.244380952380952365e-01 4.951380952380952660e-01 7.220285714285714640e-01 7.893650793650792696e-01 8.201269841269841487e-01 9.159460317460318413e-01 9.534952380952381734e-01 7.973619047619047162e-01 7.244265306122449344e-01 8.922285714285714819e-01 9.196444444444447086e-01 nan
nan nan nan nan nan nan nan nan nan nan 0.000000000000000000e+00 0.000000000000000000e+00 0.000000000000000000e+00 0.000000000000000000e+00 0.000000000000000000e+00 0.000000000000000000e+00 3.314285714285714491e-03 1.740333333333333177e-01 4.366063492063492202e-01 5.187920634920635266e-01 6.717888888888887688e-01 7.550095238095237971e-01 8.056031746031745433e-01 8.235031746031746813e-01 8.817047619047619911e-01 9.029269841269841335e-01 9.177571428571430490e-01 nan
nan nan nan nan nan nan nan nan nan nan nan nan 0.000000000000000000e+00 0.000000000000000000e+00 0.000000000000000000e+00 0.000000000000000000e+00 0.000000000000000000e+00 3.458730158730158495e-03 5.035555555555555618e-02 1.217412698412698585e-01 4.023142857142857354e-01 6.462650793650793757e-01 7.544698412698412904e-01 8.623825396825397505e-01 8.785349206349206685e-01 8.752190476190476742e-01 9.229317460317461030e-01 nan
nan nan nan nan nan nan nan nan nan nan nan nan nan 0.000000000000000000e+00 0.000000000000000000e+00 0.000000000000000000e+00 0.000000000000000000e+00 0.000000000000000000e+00 0.000000000000000000e+00 0.000000000000000000e+00 1.096333333333333326e-01 3.683777777777777485e-01 5.742507936507937893e-01 8.762428571428572122e-01 9.174174603174602982e-01 9.084730158730159877e-01 9.352571428571428980e-01 nan
nan nan nan nan nan nan nan nan nan nan nan nan nan nan nan 0.000000000000000000e+00 0.000000000000000000e+00 0.000000000000000000e+00 0.000000000000000000e+00 0.000000000000000000e+00 0.000000000000000000e+00 2.072857142857143301e-02 3.776936507936508036e-01 8.516761904761905866e-01 9.357777777777778194e-01 9.334682539682539471e-01 9.341095238095238340e-01 nan
nan nan nan nan nan nan nan nan nan nan nan nan nan nan nan nan nan 0.000000000000000000e+00 0.000000000000000000e+00 0.000000000000000000e+00 0.000000000000000000e+00 1.627321428571428669e-02 1.602035714285714452e-01 5.961619047619046707e-01 9.100714285714284202e-01 9.362746031746033148e-01 9.408634920634920684e-01 nan
nan nan nan nan nan nan nan nan nan nan nan nan nan nan nan nan nan nan nan nan 6.975428571428571312e-02 nan nan 4.190412698412698811e-01 8.088476190476190375e-01 9.139349206349207666e-01 nan nan
