nan nan nan 0.000000000000000000e+00 0.000000000000000000e+00 0.000000000000000000e+00 nan nan nan nan nan nan nan nan nan nan nan nan nan nan nan nan nan nan nan nan nan nan
nan nan 0.000000000000000000e+00 0.000000000000000000e+00 0.000000000000000000e+00 0.000000000000000000e+00 0.000000000000000000e+00 nan nan nan nan nan nan nan nan nan nan nan nan nan nan nan nan nan nan nan nan nan
nan nan 0.000000000000000000e+00 0.000000000000000000e+00 0.000000000000000000e+00 0.000000000000000000e+00 0.000000000000000000e+00 4.890476190476189880e-03 nan nan nan nan nan nan nan nan nan nan nan nan nan nan nan nan nan nan nan nan
nan 0.000000000000000000e+00 0.000000000000000000e+00 0.000000000000000000e+00 0.000000000000000000e+00 0.000000000000000000e+00 0.000000000000000000e+00 0.000000000000000000e+00 3.482539682539682532e-03 nan nan nan nan nan nan nan nan nan nan nan nan nan nan nan nan nan nan nan
0.000000000000000000e+00 0.000000000000000000e+00 0.000000000000000000e+00 0.000000000000000000e+00 0.000000000000000000e+00 0.000000000000000000e+00 0.000000000000000000e+00 0.000000000000000000e+00 0.000000000000000000e+00 6.507301587301586587e-02 nan nan nan nan nan nan nan nan nan nan nan nan nan nan nan nan nan nan
0.000000000000000000e+00 0.000000000000000000e+00 0.000000000000000000e+00 0.000000000000000000e+00 0.000000000000000000e+00 0.000000000000000000e+00 0.000000000000000000e+00 0.000000000000000000e+00 3.181111111111110945e-02 5.996857142857143358e-02 nan nan nan nan nan nan nan nan nan nan nan nan nan nan nan nan nan nan
0.000000000000000000e+00 0.000000000000000000e+00 0.000000000000000000e+00 0.000000000000000000e+00 0.000000000000000000e+00 0.000000000000000000e+00 0.000000000000000000e+00 4.513650793650793303e-02 2.523158730158729934e-01 nan nan nan nan nan nan nan nan nan nan nan nan nan nan nan nan nan nan nan
0.000000000000000000e+00 0.000000000000000000e+00 0.000000000000000000e+00 0.000000000000000000e+00 0.000000000000000000e+00 0.000000000000000000e+00 0.000000000000000000e+00 1.251301587301587304e-01 3.989761904761904288e-01 nan nan nan nan nan nan nan nan nan nan nan nan nan nan nan nan nan nan nan
nan 0.000000000000000000e+00 0.000000000000000000e+00 0.000000000000000000e+00 0.000000000000000000e+00 0.000000000000000000e+00 1.696825396825396874e-03 2.047396825396825271e-01 3.791793650793651160e-01 4.904714285714285027e-01 nan nan nan nan nan nan nan nan nan nan nan nan nan nan nan nan nan nan
nan 0.000000000000000000e+00 0.000000000000000000e+00 0.000000000000000000e+00 0.000000000000000000e+00 0.000000000000000000e+00 1.576190476190476256e-03 1.505365079365079406e-01 2.112492063492063532e-01 3.252730158730158805e-01 nan nan nan nan nan nan nan nan nan nan nan nan nan nan nan nan nan nan
nan 0.000000000000000000e+00 0.000000000000000000e+00 0.000000000000000000e+00 0.000000000000000000e+00 0.000000000000000000e+00 6.001587301587301207e-03 1.021317460317460041e-01 8.854285714285715925e-02 2.344539682539682757e-01 nan nan nan nan nan nan nan nan nan nan nan nan nan nan nan nan nan nan
nan nan 0.000000000000000000e+00 0.000000000000000000e+00 0.000000000000000000e+00 0.000000000000000000e+00 3.533333333333333205e-03 1.368349206349206426e-01 2.249730158730158525e-01 3.790238095238095406e-01 nan nan nan nan nan nan nan nan nan nan nan nan nan nan nan nan nan nan
nan nan 0.000000000000000000e+00 0.000000000000000000e+00 9.907142857142857417e-03 2.727714285714285744e-02 1.780952380952381111e-03 1.422365079365079388e-01 2.297285714285713931e-01 3.711446428571428258e-01 nan nan nan nan nan nan nan nan nan nan nan nan nan nan nan nan nan nan
nan nan nan nan nan nan 8.400000000000001216e-03 1.040841269841269873e-01 1.775158730158730436e-01 2.646714285714285575e-01 nan nan nan nan nan nan nan nan nan nan nan nan nan nan nan nan nan nan
nan nan nan nan nan 1.243015873015873053e-02 0.000000000000000000e+00 1.618571428571428938e-02 2.212825396825396917e-01 2.076888888888889229e-01 2.850142857142857755e-01 nan nan nan nan nan nan nan nan nan nan nan nan nan nan nan nan nan
nan nan nan nan nan 0.000000000000000000e+00 0.000000000000000000e+00 0.000000000000000000e+00 1.941730158730158584e-01 1.501396825396825174e-01 6.799591836734693306e-02 nan nan nan nan nan nan nan nan nan nan nan nan nan nan nan nan nan
nan nan nan nan nan 0.000000000000000000e+00 0.000000000000000000e+00 1.934285714285714081e-02 2.971142857142857197e-01 2.269730158730158820e-01 1.048142857142857348e-01 3.271163265306122336e-01 5.043228571428571838e-01 7.587314285714286122e-01 nan 7.190571428571428392e-01 nan nan nan nan nan nan nan nan nan nan nan nan
nan nan nan nan 0.000000000000000000e+00 0.000000000000000000e+00 0.000000000000000000e+00 3.493650793650793143e-03 1.611650793650793723e-01 3.072825396825396571e-01 2.763079365079365024e-01 3.254698412698412979e-01 2.699380952380953103e-01 3.452333333333333920e-01 7.124875000000000513e-01 nan nan nan nan nan nan nan nan nan nan nan nan nan
nan nan nan nan nan 0.000000000000000000e+00 0.000000000000000000e+00 0.000000000000000000e+00 9.152380952380951770e-03 1.845873015873015499e-01 3.781126984126984003e-01 5.075126984126984153e-01 4.419888888888888756e-01 3.628555555555555423e-01 4.034317460317460302e-01 5.772071428571428076e-01 nan nan nan nan nan nan nan nan nan nan nan nan
nan nan nan nan nan nan 0.000000000000000000e+00 0.000000000000000000e+00 0.000000000000000000e+00 0.000000000000000000e+00 7.533809523809523179e-02 3.149682539682540083e-01 5.445634920634920828e-01 5.932650793650793286e-01 5.041841269841269568e-01 5.302634920634919924e-01 8.053190476190476010e-01 9.646571428571428797e-01 9.206285714285715738e-01 nan nan nan nan nan nan nan nan nan
nan nan nan nan nan nan nan 0.000000000000000000e+00 0.000000000000000000e+00 0.000000000000000000e+00 0.000000000000000000e+00 1.286253968253968372e-01 3.684920634920634819e-01 5.321111111111110903e-01 4.988920634920633868e-01 5.518238095238094942e-01 7.393904761904761536e-01 8.726714285714285424e-01 9.313619047619048352e-01 8.496714285714286330e-01 9.810166666666667590e-01 9.875964285714285973e-01 nan nan nan nan nan nan
nan nan nan nan nan nan nan 0.000000000000000000e+00 0.000000000000000000e+00 0.000000000000000000e+00 0.000000000000000000e+00 0.000000000000000000e+00 1.936507936507936289e-02 2.323730158730158701e-01 3.031761904761904880e-01 3.841857142857142415e-01 5.483777777777778528e-01 6.411460317460317970e-01 6.826142857142856180e-01 6.370301587301587798e-01 8.896396825396827301e-01 9.628666666666667595e-01 9.569107142857141701e-01 9.715000000000000302e-01 nan nan nan nan
nan nan nan nan nan nan nan nan 0.000000000000000000e+00 0.000000000000000000e+00 0.000000000000000000e+00 0.000000000000000000e+00 0.000000000000000000e+00 1.174761904761904840e-02 2.163174603174603319e-02 4.866825396825397165e-02 3.203666666666666329e-01 5.042428571428572148e-01 5.527492063492063235e-01 5.678841269841270467e-01 7.234904761904763504e-01 8.705492063492062949e-01 7.738095238095238360e-01 6.453040816326530704e-01 nan 9.412204081632653541e-01 9.495196428571428537e-01 nan
nan nan nan nan nan nan nan nan nan 0.000000000000000000e+00 0.000000000000000000e+00 0.000000000000000000e+00 0.000000000000000000e+00 0.000000000000000000e+00 0.000000000000000000e+00 0.000000000000000000e+00 4.577936507936507249e-02 2.886523809523809936e-01 5.330158730158729430e-01 5.836873015873016435e-01 5.714396825396824697e-01 6.122301587301587356e-01 4.532301587301587609e-01 4.695968253968253459e-01 7.831204081632653358e-01 9.851857142857142202e-01 9.757349206349207327e-01 nan
nan nan nan nan nan nan nan nan nan nan 0.000000000000000000e+00 0.000000000000000000e+00 0.000000000000000000e+00 0.000000000000000000e+00 0.000000000000000000e+00 0.000000000000000000e+00 0.000000000000000000e+00 1.451904761904762066e-02 1.872492063492063596e-01 4.426539682539683551e-01 6.486253968253968827e-01 7.029809523809524840e-01 7.238634920634919867e-01 8.213142857142856634e-01 9.165047619047617111e-01 9.441412698412698923e-01 9.475126984126984730e-01 nan
nan nan nan nan nan nan nan nan nan nan nan nan 0.000000000000000000e+00 0.000000000000000000e+00 0.000000000000000000e+00 0.000000000000000000e+00 0.000000000000000000e+00 0.000000000000000000e+00 0.000000000000000000e+00 2.011746031746031518e-02 2.439650793650793847e-01 6.452571428571428624e-01 8.343412698412697726e-01 8.901111111111110752e-01 9.411333333333331552e-01 9.372746031746030937e-01 9.252222222222219461e-01 nan
nan nan nan nan nan nan nan nan nan nan nan nan nan 0.000000000000000000e+00 0.000000000000000000e+00 0.000000000000000000e+00 0.000000000000000000e+00 0.000000000000000000e+00 0.000000000000000000e+00 0.000000000000000000e+00 3.777777777777777037e-03 1.879873015873015918e-01 7.164238095238095738e-01 9.590777777777778068e-01 9.805587301587302962e-01 9.680682539682539112e-01 9.491301587301589349e-01 nan
nan nan nan nan nan nan nan nan nan nan nan nan nan nan nan 0.000000000000000000e+00 0.000000000000000000e+00 0.000000000000000000e+00 0.000000000000000000e+00 0.000000000000000000e+00 0.000000000000000000e+00 0.000000000000000000e+00 1.640396825396825131e-01 6.764031746031747838e-01 9.830841269841270602e-01 9.706746031746031900e-01 9.627079365079366235e-01 nan
nan nan nan nan nan nan nan nan nan nan nan nan nan nan nan nan nan 0.000000000000000000e+00 0.000000000000000000e+00 0.000000000000000000e+00 0.000000000000000000e+00 1.865357142857142908e-02 0.000000000000000000e+00 1.430031746031746043e-01 6.885206349206349774e-01 9.541428571428570704e-01 9.826476190476188810e-01 nan
nan nan nan nan nan nan nan nan nan nan nan nan nan nan nan nan nan nan nan nan 4.898285714285714743e-02 nan nan 0.000000000000000000e+00 2.044365079365079163e-01 8.381793650793650796e-01 nan nan
