nan nan nan 0.000000000000000000e+00 0.000000000000000000e+00 0.000000000000000000e+00 nan nan nan nan nan nan nan nan nan nan nan nan nan nan nan nan nan nan nan nan nan nan
nan nan 0.000000000000000000e+00 0.000000000000000000e+00 0.000000000000000000e+00 0.000000000000000000e+00 1.906984126984126796e-02 nan nan nan nan nan nan nan nan nan nan nan nan nan nan nan nan nan nan nan nan nan
nan nan 0.000000000000000000e+00 0.000000000000000000e+00 0.000000000000000000e+00 0.000000000000000000e+00 0.000000000000000000e+00 1.286190476190476328e-01 nan nan nan nan nan nan nan nan nan nan nan nan nan nan nan nan nan nan nan nan
nan 0.000000000000000000e+00 0.000000000000000000e+00 0.000000000000000000e+00 0.000000000000000000e+00 0.000000000000000000e+00 0.000000000000000000e+00 7.368412698412699080e-02 5.111349206349207197e-01 nan nan nan nan nan nan nan nan nan nan nan nan nan nan nan nan nan nan nan
0.000000000000000000e+00 0.000000000000000000e+00 0.000000000000000000e+00 0.000000000000000000e+00 0.000000000000000000e+00 0.000000000000000000e+00 0.000000000000000000e+00 9.499523809523811868e-02 5.472412698412697507e-01 7.331349206349205838e-01 nan nan nan nan nan nan nan nan nan nan nan nan nan nan nan nan nan nan
0.000000000000000000e+00 0.000000000000000000e+00 0.000000000000000000e+00 0.000000000000000000e+00 0.000000000000000000e+00 0.000000000000000000e+00 0.000000000000000000e+00 1.479206349206349351e-02 3.801555555555555244e-01 6.689199999999999591e-01 nan nan nan nan nan nan nan nan nan nan nan nan nan nan nan nan nan nan
0.000000000000000000e+00 0.000000000000000000e+00 0.000000000000000000e+00 0.000000000000000000e+00 0.000000000000000000e+00 0.000000000000000000e+00 0.000000000000000000e+00 4.989206349206349450e-02 5.668111111111110434e-01 nan nan nan nan nan nan nan nan nan nan nan nan nan nan nan nan nan nan nan
0.000000000000000000e+00 0.000000000000000000e+00 0.000000000000000000e+00 0.000000000000000000e+00 0.000000000000000000e+00 0.000000000000000000e+00 0.000000000000000000e+00 1.236365079365079334e-01 5.992634920634921647e-01 nan nan nan nan nan nan nan nan nan nan nan nan nan nan nan nan nan nan nan
nan 0.000000000000000000e+00 0.000000000000000000e+00 0.000000000000000000e+00 0.000000000000000000e+00 0.000000000000000000e+00 6.752380952380953281e-03 3.311587301587300414e-01 8.033206349206349906e-01 9.268040816326529319e-01 nan nan nan nan nan nan nan nan nan nan nan nan nan nan nan nan nan nan
nan 0.000000000000000000e+00 0.000000000000000000e+00 0.000000000000000000e+00 0.000000000000000000e+00 0.000000000000000000e+00 0.000000000000000000e+00 2.113873015873015959e-01 7.420063492063491140e-01 9.270158730158730709e-01 nan nan nan nan nan nan nan nan nan nan nan nan nan nan nan nan nan nan
nan 0.000000000000000000e+00 0.000000000000000000e+00 0.000000000000000000e+00 0.000000000000000000e+00 0.000000000000000000e+00 0.000000000000000000e+00 1.046206349206349057e-01 6.094174603174602467e-01 9.074666666666665327e-01 nan nan nan nan nan nan nan nan nan nan nan nan nan nan nan nan nan nan
nan nan 0.000000000000000000e+00 0.000000000000000000e+00 0.000000000000000000e+00 0.000000000000000000e+00 0.000000000000000000e+00 3.468126984126984613e-01 7.300396825396825440e-01 8.539936507936506382e-01 nan nan nan nan nan nan nan nan nan nan nan nan nan nan nan nan nan nan
nan nan 0.000000000000000000e+00 0.000000000000000000e+00 0.000000000000000000e+00 2.309142857142856831e-02 1.528571428571428832e-03 2.707587301587301432e-01 7.360365079365078778e-01 8.396589285714287643e-01 nan nan nan nan nan nan nan nan nan nan nan nan nan nan nan nan nan nan
nan nan nan nan nan nan 0.000000000000000000e+00 7.341428571428570971e-02 6.481714285714287316e-01 8.054482142857143367e-01 nan nan nan nan nan nan nan nan nan nan nan nan nan nan nan nan nan nan
nan nan nan nan nan 9.525396825396824016e-03 0.000000000000000000e+00 3.695396825396825291e-02 5.936619047619048350e-01 7.769047619047618758e-01 8.374714285714284223e-01 nan nan nan nan nan nan nan nan nan nan nan nan nan nan nan nan nan
nan nan nan nan nan 0.000000000000000000e+00 0.000000000000000000e+00 0.000000000000000000e+00 3.962825396825396251e-01 8.051650793650793059e-01 8.024183673469386102e-01 nan nan nan nan nan nan nan nan nan nan nan nan nan nan nan nan nan
nan nan nan nan nan 0.000000000000000000e+00 0.000000000000000000e+00 0.000000000000000000e+00 2.961904761904761707e-01 7.165269841269841233e-01 8.016571428571428459e-01 8.382999999999999341e-01 9.303742857142858202e-01 1.000000000000000000e+00 nan 1.000000000000000000e+00 nan nan nan nan nan nan nan nan nan nan nan nan
nan nan nan nan 0.000000000000000000e+00 0.000000000000000000e+00 0.000000000000000000e+00 0.000000000000000000e+00 5.352698412698412428e-02 5.131015873015872808e-01 7.907476190476190325e-01 8.624492063492062988e-01 8.990047619047618621e-01 9.619031746031745378e-01 9.994821428571428745e-01 nan nan nan nan nan nan nan nan nan nan nan nan nan
nan nan nan nan nan 0.000000000000000000e+00 0.000000000000000000e+00 0.000000000000000000e+00 0.000000000000000000e+00 5.689523809523808900e-02 3.031015873015873163e-01 6.951619047619049807e-01 8.940714285714287390e-01 9.457476190476189482e-01 9.651619047619049985e-01 9.793619047619047668e-01 nan nan nan nan nan nan nan nan nan nan nan nan
nan nan nan nan nan nan 0.000000000000000000e+00 0.000000000000000000e+00 0.000000000000000000e+00 0.000000000000000000e+00 0.000000000000000000e+00 2.934222222222222509e-01 7.141904761904761534e-01 9.070746031746033111e-01 9.480984126984128846e-01 9.434063492063493594e-01 9.624785714285714056e-01 9.709809523809523890e-01 9.909771428571427787e-01 nan nan nan nan nan nan nan nan nan
nan nan nan nan nan nan nan 0.000000000000000000e+00 0.000000000000000000e+00 0.000000000000000000e+00 0.000000000000000000e+00 1.216047619047619099e-01 4.652349206349205568e-01 7.092412698412698946e-01 8.587873015873016547e-01 9.189682539682541007e-01 9.474666666666666792e-01 9.671190476190476559e-01 9.889396825396825630e-01 9.804178571428571187e-01 9.961452380952380281e-01 9.836214285714285355e-01 nan nan nan nan nan nan
nan nan nan nan nan nan nan 0.000000000000000000e+00 0.000000000000000000e+00 0.000000000000000000e+00 0.000000000000000000e+00 0.000000000000000000e+00 4.663492063492064021e-02 2.939952380952380873e-01 5.661761904761904995e-01 7.741809523809523030e-01 8.569190476190476913e-01 9.392206349206350113e-01 9.510444444444446921e-01 9.541539682539683653e-01 9.780539682539682866e-01 9.852111111111111486e-01 9.649553571428571841e-01 9.041428571428571370e-01 nan nan nan nan
nan nan nan nan nan nan nan nan 0.000000000000000000e+00 0.000000000000000000e+00 0.000000000000000000e+00 0.000000000000000000e+00 0.000000000000000000e+00 1.742063492063491981e-02 1.139603174603174562e-01 2.974079365079365100e-01 6.346714285714285531e-01 8.742555555555555635e-01 9.509158730158729922e-01 9.442888888888890664e-01 9.108460317460316258e-01 9.061285714285713944e-01 9.175793650793651057e-01 8.332142857142856851e-01 nan 9.510020408163266659e-01 9.250017857142858180e-01 nan
nan nan nan nan nan nan nan nan nan 0.000000000000000000e+00 0.000000000000000000e+00 0.000000000000000000e+00 0.000000000000000000e+00 0.000000000000000000e+00 0.000000000000000000e+00 1.746666666666666506e-02 2.170015873015872510e-01 5.947047619047619582e-01 8.302825396825397331e-01 9.359031746031745147e-01 9.449793650793649746e-01 9.113714285714287211e-01 8.466396825396824699e-01 6.982365079365080440e-01 7.043448979591836467e-01 9.022892857142856826e-01 9.349761904761904052e-01 nan
nan nan nan nan nan nan nan nan nan nan 0.000000000000000000e+00 0.000000000000000000e+00 0.000000000000000000e+00 0.000000000000000000e+00 0.000000000000000000e+00 0.000000000000000000e+00 9.438095238095238482e-03 1.589666666666666728e-01 4.274698412698413330e-01 6.170873015873015177e-01 8.654698412698411669e-01 9.110619047619046285e-01 8.845000000000000639e-01 8.705206349206349170e-01 9.227571428571428314e-01 9.641047619047620199e-01 9.694968253968255789e-01 nan
nan nan nan nan nan nan nan nan nan nan nan nan 0.000000000000000000e+00 0.000000000000000000e+00 0.000000000000000000e+00 0.000000000000000000e+00 0.000000000000000000e+00 0.000000000000000000e+00 1.275079365079364972e-02 7.666666666666667462e-02 4.512047619047618308e-01 8.309079365079365953e-01 8.641269841269841878e-01 9.037444444444444613e-01 9.403301587301587938e-01 9.730777777777777082e-01 9.826777777777777612e-01 nan
nan nan nan nan nan nan nan nan nan nan nan nan nan 0.000000000000000000e+00 0.000000000000000000e+00 0.000000000000000000e+00 0.000000000000000000e+00 0.000000000000000000e+00 0.000000000000000000e+00 0.000000000000000000e+00 3.158253968253968424e-02 4.299222222222223166e-01 7.214857142857142858e-01 9.180412698412697692e-01 9.646571428571429907e-01 9.885111111111112292e-01 9.956587301587301875e-01 nan
nan nan nan nan nan nan nan nan nan nan nan nan nan nan nan 0.000000000000000000e+00 0.000000000000000000e+00 0.000000000000000000e+00 0.000000000000000000e+00 0.000000000000000000e+00 0.000000000000000000e+00 1.428730158730158635e-02 4.477761904761903833e-01 9.155523809523811174e-01 9.880428571428572226e-01 9.927761904761903677e-01 9.971761904761904383e-01 nan
nan nan nan nan nan nan nan nan nan nan nan nan nan nan nan nan nan 0.000000000000000000e+00 0.000000000000000000e+00 0.000000000000000000e+00 0.000000000000000000e+00 1.185714285714285776e-02 1.615142857142857213e-01 7.064761904761904798e-01 9.770777777777778228e-01 9.969476190476191935e-01 9.994047619047617959e-01 nan
nan nan nan nan nan nan nan nan nan nan nan nan nan nan nan nan nan nan nan nan 1.642857142857142953e-03 nan nan 3.495301587301588020e-01 8.610460317460318924e-01 9.963952380952378896e-01 nan nan
