nan nan nan 0.000000000000000000e+00 0.000000000000000000e+00 0.000000000000000000e+00 nan nan nan nan nan nan nan nan nan nan nan nan nan nan nan nan nan nan nan nan nan nan
nan nan 0.000000000000000000e+00 0.000000000000000000e+00 0.000000000000000000e+00 0.000000000000000000e+00 0.000000000000000000e+00 nan nan nan nan nan nan nan nan nan nan nan nan nan nan nan nan nan nan nan nan nan
nan nan 0.000000000000000000e+00 0.000000000000000000e+00 0.000000000000000000e+00 0.000000000000000000e+00 0.000000000000000000e+00 0.000000000000000000e+00 nan nan nan nan nan nan nan nan nan nan nan nan nan nan nan nan nan nan nan nan
nan 0.000000000000000000e+00 0.000000000000000000e+00 0.000000000000000000e+00 0.000000000000000000e+00 6.585185229778289838e-04 0.000000000000000000e+00 0.000000000000000000e+00 0.000000000000000000e+00 nan nan nan nan nan nan nan nan nan nan nan nan nan nan nan nan nan nan nan
0.000000000000000000e+00 0.000000000000000000e+00 0.000000000000000000e+00 0.000000000000000000e+00 0.000000000000000000e+00 0.000000000000000000e+00 0.000000000000000000e+00 0.000000000000000000e+00 0.000000000000000000e+00 2.320740669965743862e-03 nan nan nan nan nan nan nan nan nan nan nan nan nan nan nan nan nan nan
0.000000000000000000e+00 0.000000000000000000e+00 0.000000000000000000e+00 0.000000000000000000e+00 0.000000000000000000e+00 0.000000000000000000e+00 0.000000000000000000e+00 0.000000000000000000e+00 9.925925731658934766e-04 1.132799983024597099e-02 nan nan nan nan nan nan nan nan nan nan nan nan nan nan nan nan nan nan
0.000000000000000000e+00 0.000000000000000000e+00 0.000000000000000000e+00 0.000000000000000000e+00 0.000000000000000000e+00 0.000000000000000000e+00 0.000000000000000000e+00 0.000000000000000000e+00 2.967777729034423717e-02 nan nan nan nan nan nan nan nan nan nan nan nan nan nan nan nan nan nan nan
0.000000000000000000e+00 0.000000000000000000e+00 0.000000000000000000e+00 0.000000000000000000e+00 0.000000000000000000e+00 0.000000000000000000e+00 0.000000000000000000e+00 1.806666702032089320e-03 1.290814781188964755e-01 nan nan nan nan nan nan nan nan nan nan nan nan nan nan nan nan nan nan nan
nan 0.000000000000000000e+00 0.000000000000000000e+00 0.000000000000000000e+00 0.000000000000000000e+00 0.000000000000000000e+00 0.000000000000000000e+00 2.106296300888061551e-02 2.461007499694824185e-01 4.960342788696289196e-01 nan nan nan nan nan nan nan nan nan nan nan nan nan nan nan nan nan nan
nan 0.000000000000000000e+00 0.000000000000000000e+00 0.000000000000000000e+00 0.000000000000000000e+00 0.000000000000000000e+00 0.000000000000000000e+00 1.192000031471252518e-02 2.673422241210937633e-01 5.904903793334961293e-01 nan nan nan nan nan nan nan nan nan nan nan nan nan nan nan nan nan nan
nan 0.000000000000000000e+00 0.000000000000000000e+00 0.000000000000000000e+00 0.000000000000000000e+00 0.000000000000000000e+00 6.340740621089934999e-04 7.446222305297851840e-02 4.191044616699218794e-01 7.148133087158202725e-01 nan nan nan nan nan nan nan nan nan nan nan nan nan nan nan nan nan nan
nan nan 0.000000000000000000e+00 0.000000000000000000e+00 0.000000000000000000e+00 0.000000000000000000e+00 0.000000000000000000e+00 1.612014770507812500e-01 6.064392471313476696e-01 8.710333251953125133e-01 nan nan nan nan nan nan nan nan nan nan nan nan nan nan nan nan nan nan
nan nan 0.000000000000000000e+00 0.000000000000000000e+00 4.920000135898590019e-03 2.458266735076904130e-02 0.000000000000000000e+00 6.308962821960449607e-02 5.378481292724609508e-01 8.594858551025390536e-01 nan nan nan nan nan nan nan nan nan nan nan nan nan nan nan nan nan nan
nan nan nan nan nan nan 0.000000000000000000e+00 4.688888788223266602e-03 2.445266723632812389e-01 7.700191497802734153e-01 nan nan nan nan nan nan nan nan nan nan nan nan nan nan nan nan nan nan
nan nan nan nan nan 9.599259495735168804e-03 0.000000000000000000e+00 0.000000000000000000e+00 7.451703548431395929e-02 5.679607391357421875e-01 8.175700378417968262e-01 nan nan nan nan nan nan nan nan nan nan nan nan nan nan nan nan nan
nan nan nan nan nan 0.000000000000000000e+00 0.000000000000000000e+00 0.000000000000000000e+00 0.000000000000000000e+00 2.992622184753417902e-01 7.792381286621093972e-01 nan nan nan nan nan nan nan nan nan nan nan nan nan nan nan nan nan
nan nan nan nan nan 0.000000000000000000e+00 0.000000000000000000e+00 0.000000000000000000e+00 0.000000000000000000e+00 4.132370471954345537e-02 5.532851791381836470e-01 8.143819427490234242e-01 9.136773681640625311e-01 9.514146423339844283e-01 nan 8.353099822998046875e-01 nan nan nan nan nan nan nan nan nan nan nan nan
nan nan nan nan 0.000000000000000000e+00 0.000000000000000000e+00 0.000000000000000000e+00 0.000000000000000000e+00 0.000000000000000000e+00 0.000000000000000000e+00 8.777703285217285101e-02 3.669088745117187744e-01 7.234985351562499556e-01 8.915385437011719150e-01 9.232291412353516025e-01 nan nan nan nan nan nan nan nan nan nan nan nan nan
nan nan nan nan nan 0.000000000000000000e+00 0.000000000000000000e+00 0.000000000000000000e+00 0.000000000000000000e+00 0.000000000000000000e+00 0.000000000000000000e+00 1.759111166000366239e-02 2.705096244812011941e-01 6.678740692138671609e-01 8.260578155517578347e-01 8.235788726806640980e-01 nan nan nan nan nan nan nan nan nan nan nan nan
nan nan nan nan nan nan 0.000000000000000000e+00 0.000000000000000000e+00 0.000000000000000000e+00 0.000000000000000000e+00 0.000000000000000000e+00 0.000000000000000000e+00 5.348148345947265243e-03 2.244599914550781117e-01 5.820037078857421831e-01 7.901859283447265625e-01 8.109333038330077681e-01 8.834400177001953125e-01 8.954920196533202592e-01 nan nan nan nan nan nan nan nan nan
nan nan nan nan nan nan nan 0.000000000000000000e+00 0.000000000000000000e+00 0.000000000000000000e+00 0.000000000000000000e+00 0.000000000000000000e+00 0.000000000000000000e+00 5.966666936874389510e-03 1.265992546081542991e-01 6.079355621337890758e-01 8.585081481933594105e-01 8.762644195556640314e-01 9.177807617187500044e-01 8.761016845703124556e-01 9.444555664062499467e-01 9.340682983398437278e-01 nan nan nan nan nan nan
nan nan nan nan nan nan nan 0.000000000000000000e+00 0.000000000000000000e+00 0.000000000000000000e+00 0.000000000000000000e+00 0.000000000000000000e+00 0.000000000000000000e+00 0.000000000000000000e+00 9.792592376470566663e-04 1.789222145080566484e-01 7.009911346435546697e-01 8.630689239501952992e-01 8.930918884277343484e-01 8.934081268310546387e-01 8.973837280273437855e-01 9.126511383056640225e-01 9.236799621582031383e-01 8.927133178710937589e-01 nan nan nan nan
nan nan nan nan nan nan nan nan 0.000000000000000000e+00 0.000000000000000000e+00 0.000000000000000000e+00 0.000000000000000000e+00 0.000000000000000000e+00 0.000000000000000000e+00 0.000000000000000000e+00 4.092592597007751326e-03 3.663985061645507746e-01 7.809244537353515758e-01 8.967570495605469150e-01 8.983274078369141158e-01 9.042370605468750266e-01 9.219362640380859286e-01 9.269525909423828036e-01 8.781066894531249778e-01 nan 9.725733184814453480e-01 9.152158355712890492e-01 nan
nan nan nan nan nan nan nan nan nan 0.000000000000000000e+00 0.000000000000000000e+00 0.000000000000000000e+00 0.000000000000000000e+00 0.000000000000000000e+00 0.000000000000000000e+00 0.000000000000000000e+00 2.786666631698608496e-02 3.881874084472656250e-01 7.791518402099609775e-01 9.056999969482422141e-01 9.155570220947265581e-01 8.959214782714843839e-01 9.034577941894531561e-01 8.492622375488281250e-01 7.626200103759765980e-01 8.485216522216796342e-01 9.077503967285156516e-01 nan
nan nan nan nan nan nan nan nan nan nan 0.000000000000000000e+00 0.000000000000000000e+00 0.000000000000000000e+00 0.000000000000000000e+00 0.000000000000000000e+00 0.000000000000000000e+00 0.000000000000000000e+00 5.530222415924072182e-02 3.514311218261718661e-01 5.538822174072265403e-01 7.758525848388672097e-01 9.013658905029297008e-01 9.128718566894531428e-01 8.868503570556640625e-01 8.850089263916015581e-01 9.199658966064453436e-01 9.398540496826172097e-01 nan
nan nan nan nan nan nan nan nan nan nan nan nan 0.000000000000000000e+00 0.000000000000000000e+00 0.000000000000000000e+00 0.000000000000000000e+00 0.000000000000000000e+00 0.000000000000000000e+00 1.277925968170165981e-02 7.344222068786621094e-02 3.336881637573242410e-01 7.544392395019531294e-01 8.842103576660156339e-01 9.172014617919921342e-01 9.298474121093750488e-01 9.454866790771484508e-01 9.496207427978515803e-01 nan
nan nan nan nan nan nan nan nan nan nan nan nan nan 0.000000000000000000e+00 0.000000000000000000e+00 0.000000000000000000e+00 0.000000000000000000e+00 0.000000000000000000e+00 0.000000000000000000e+00 0.000000000000000000e+00 2.422222137451171889e-02 2.468488883972168035e-01 4.628170394897461182e-01 8.683266448974609197e-01 9.723592376708984908e-01 9.683303833007812500e-01 9.514488983154296697e-01 nan
nan nan nan nan nan nan nan nan nan nan nan nan nan nan nan 0.000000000000000000e+00 0.000000000000000000e+00 0.000000000000000000e+00 0.000000000000000000e+00 0.000000000000000000e+00 0.000000000000000000e+00 2.612592577934265067e-03 5.829111099243164396e-02 5.784459304809570490e-01 9.443007659912109331e-01 9.692607116699218928e-01 9.416503906250000000e-01 nan
nan nan nan nan nan nan nan nan nan nan nan nan nan nan nan nan nan 0.000000000000000000e+00 0.000000000000000000e+00 0.000000000000000000e+00 0.000000000000000000e+00 1.201166629791259807e-02 0.000000000000000000e+00 1.043081474304199258e-01 4.976681518554687544e-01 9.041140747070312012e-01 9.536525726318358931e-01 nan
nan nan nan nan nan nan nan nan nan nan nan nan nan nan nan nan nan nan nan nan 3.815066576004028098e-02 nan nan 2.708148062229156355e-03 1.012570381164550753e-01 6.946652221679687766e-01 nan nan
