nan nan nan 0.000000000000000000e+00 0.000000000000000000e+00 2.723703682422637991e-03 nan nan nan nan nan nan nan nan nan nan nan nan nan nan nan nan nan nan nan nan nan nan
nan nan 0.000000000000000000e+00 0.000000000000000000e+00 0.000000000000000000e+00 0.000000000000000000e+00 4.494296073913574274e-02 nan nan nan nan nan nan nan nan nan nan nan nan nan nan nan nan nan nan nan nan nan
nan nan 0.000000000000000000e+00 0.000000000000000000e+00 0.000000000000000000e+00 0.000000000000000000e+00 0.000000000000000000e+00 2.575303649902343506e-01 nan nan nan nan nan nan nan nan nan nan nan nan nan nan nan nan nan nan nan nan
nan 0.000000000000000000e+00 0.000000000000000000e+00 0.000000000000000000e+00 0.000000000000000000e+00 0.000000000000000000e+00 0.000000000000000000e+00 1.895125961303710804e-01 6.887540435791015270e-01 nan nan nan nan nan nan nan nan nan nan nan nan nan nan nan nan nan nan nan
0.000000000000000000e+00 0.000000000000000000e+00 0.000000000000000000e+00 0.000000000000000000e+00 0.000000000000000000e+00 0.000000000000000000e+00 0.000000000000000000e+00 9.072221755981445257e-02 6.134563064575195845e-01 8.573148345947265714e-01 nan nan nan nan nan nan nan nan nan nan nan nan nan nan nan nan nan nan
0.000000000000000000e+00 0.000000000000000000e+00 0.000000000000000000e+00 0.000000000000000000e+00 0.000000000000000000e+00 0.000000000000000000e+00 0.000000000000000000e+00 6.066444396972656139e-02 5.802281570434569824e-01 8.909519958496093794e-01 nan nan nan nan nan nan nan nan nan nan nan nan nan nan nan nan nan nan
0.000000000000000000e+00 0.000000000000000000e+00 0.000000000000000000e+00 0.000000000000000000e+00 0.000000000000000000e+00 0.000000000000000000e+00 0.000000000000000000e+00 7.479926109313965454e-02 6.755096435546874556e-01 nan nan nan nan nan nan nan nan nan nan nan nan nan nan nan nan nan nan nan
0.000000000000000000e+00 0.000000000000000000e+00 0.000000000000000000e+00 0.000000000000000000e+00 0.000000000000000000e+00 0.000000000000000000e+00 0.000000000000000000e+00 7.809185028076172375e-02 6.974533081054687944e-01 nan nan nan nan nan nan nan nan nan nan nan nan nan nan nan nan nan nan nan
nan 0.000000000000000000e+00 0.000000000000000000e+00 0.000000000000000000e+00 0.000000000000000000e+00 0.000000000000000000e+00 9.607407450675964529e-04 2.328748130798339866e-01 8.367570495605468617e-01 9.647476196289062056e-01 nan nan nan nan nan nan nan nan nan nan nan nan nan nan nan nan nan nan
nan 0.000000000000000000e+00 0.000000000000000000e+00 0.000000000000000000e+00 0.000000000000000000e+00 0.000000000000000000e+00 1.992592662572860787e-03 1.508992576599121060e-01 6.050866699218749867e-01 9.479718780517578658e-01 nan nan nan nan nan nan nan nan nan nan nan nan nan nan nan nan nan nan
nan 0.000000000000000000e+00 0.000000000000000000e+00 0.000000000000000000e+00 0.000000000000000000e+00 0.000000000000000000e+00 0.000000000000000000e+00 3.587037086486816184e-02 3.413236999511718994e-01 8.617481231689453347e-01 nan nan nan nan nan nan nan nan nan nan nan nan nan nan nan nan nan nan
nan nan 0.000000000000000000e+00 0.000000000000000000e+00 0.000000000000000000e+00 0.000000000000000000e+00 0.000000000000000000e+00 1.726318550109863237e-01 6.640829467773436967e-01 9.237029266357421609e-01 nan nan nan nan nan nan nan nan nan nan nan nan nan nan nan nan nan nan
nan nan 0.000000000000000000e+00 0.000000000000000000e+00 2.189933395385742221e-01 2.366800069808959808e-02 0.000000000000000000e+00 2.199385261535644620e-01 8.016725921630859508e-01 9.556974792480468217e-01 nan nan nan nan nan nan nan nan nan nan nan nan nan nan nan nan nan nan
nan nan nan nan nan nan 0.000000000000000000e+00 5.615333557128906333e-02 6.071281433105468750e-01 9.354257965087890980e-01 nan nan nan nan nan nan nan nan nan nan nan nan nan nan nan nan nan nan
nan nan nan nan nan 8.782963156700135041e-03 0.000000000000000000e+00 2.506666779518127407e-03 3.891133499145507657e-01 9.008681488037109109e-01 9.572467041015625400e-01 nan nan nan nan nan nan nan nan nan nan nan nan nan nan nan nan nan
nan nan nan nan nan 0.000000000000000000e+00 0.000000000000000000e+00 0.000000000000000000e+00 1.826792526245117065e-01 7.754022216796875311e-01 8.941228485107421964e-01 nan nan nan nan nan nan nan nan nan nan nan nan nan nan nan nan nan
nan nan nan nan nan 0.000000000000000000e+00 0.000000000000000000e+00 0.000000000000000000e+00 4.136740684509277594e-02 5.030370330810547408e-01 8.819947814941406783e-01 9.406295013427734553e-01 9.759400177001953391e-01 9.968800354003906072e-01 nan 1.000000000000000000e+00 nan nan nan nan nan nan nan nan nan nan nan nan
nan nan nan nan 0.000000000000000000e+00 0.000000000000000000e+00 0.000000000000000000e+00 0.000000000000000000e+00 8.059259504079818942e-04 1.031029605865478455e-01 3.690718460083007857e-01 6.412681579589843972e-01 9.092125701904296697e-01 9.792029571533202859e-01 9.948024749755859375e-01 nan nan nan nan nan nan nan nan nan nan nan nan nan
nan nan nan nan nan 0.000000000000000000e+00 0.000000000000000000e+00 0.000000000000000000e+00 0.000000000000000000e+00 0.000000000000000000e+00 5.322222113609314381e-03 1.331725883483886597e-01 5.772533416748046875e-01 9.209977722167969061e-01 9.706844329833984597e-01 9.584322357177734730e-01 nan nan nan nan nan nan nan nan nan nan nan nan
nan nan nan nan nan nan 0.000000000000000000e+00 0.000000000000000000e+00 0.000000000000000000e+00 0.000000000000000000e+00 0.000000000000000000e+00 1.270740747451782303e-02 2.142192649841308527e-01 7.656081390380858887e-01 8.980422210693359553e-01 9.424822235107421786e-01 9.319844818115234908e-01 9.500111389160156294e-01 9.688320159912109375e-01 nan nan nan nan nan nan nan nan nan
nan nan nan nan nan nan nan 0.000000000000000000e+00 0.000000000000000000e+00 0.000000000000000000e+00 0.000000000000000000e+00 0.000000000000000000e+00 6.665777683258056197e-02 4.624111175537109486e-01 6.664674377441406339e-01 8.087637329101562411e-01 9.498281860351562855e-01 9.569844818115234020e-01 9.635696411132812500e-01 9.646216583251953081e-01 9.747777557373047408e-01 9.775416564941405984e-01 nan nan nan nan nan nan
nan nan nan nan nan nan nan 0.000000000000000000e+00 0.000000000000000000e+00 0.000000000000000000e+00 0.000000000000000000e+00 0.000000000000000000e+00 8.589629530906677662e-03 1.346066665649414129e-01 3.784162902832031161e-01 4.542674255371093595e-01 7.566985321044922275e-01 9.540229797363281028e-01 9.661533355712890181e-01 9.763881683349608931e-01 9.674822235107422008e-01 9.694200134277344283e-01 9.660783386230469283e-01 9.229467010498046964e-01 nan nan nan nan
nan nan nan nan nan nan nan nan 0.000000000000000000e+00 0.000000000000000000e+00 0.000000000000000000e+00 0.000000000000000000e+00 0.000000000000000000e+00 1.238963007926940918e-02 1.045259284973144576e-01 1.535118484497070279e-01 3.003303718566894265e-01 8.088422393798828658e-01 9.593289184570312766e-01 9.757696533203125133e-01 9.631940460205078436e-01 9.132955932617187189e-01 9.390022277832030806e-01 9.027952575683593217e-01 nan 9.635819244384765669e-01 9.390133666992187544e-01 nan
nan nan nan nan nan nan nan nan nan 0.000000000000000000e+00 0.000000000000000000e+00 0.000000000000000000e+00 0.000000000000000000e+00 0.000000000000000000e+00 7.990370392799378205e-03 2.326370477676391671e-02 8.281481266021728776e-04 2.055148124694824163e-01 6.179392623901367454e-01 8.930933380126953036e-01 9.811851501464843306e-01 9.753592681884765137e-01 9.612725830078124867e-01 8.766889190673827770e-01 7.634552001953125444e-01 9.320716857910156250e-01 9.656303405761719194e-01 nan
nan nan nan nan nan nan nan nan nan nan 0.000000000000000000e+00 0.000000000000000000e+00 0.000000000000000000e+00 0.000000000000000000e+00 0.000000000000000000e+00 0.000000000000000000e+00 0.000000000000000000e+00 1.650370359420776306e-03 9.352295875549315740e-02 3.116525840759277188e-01 7.534607696533203169e-01 9.368273925781249734e-01 9.693614959716796431e-01 9.547222137451172319e-01 9.523274230957031738e-01 9.757473754882812766e-01 9.841777801513671431e-01 nan
nan nan nan nan nan nan nan nan nan nan nan nan 0.000000000000000000e+00 0.000000000000000000e+00 0.000000000000000000e+00 0.000000000000000000e+00 0.000000000000000000e+00 0.000000000000000000e+00 0.000000000000000000e+00 2.115555554628372175e-03 1.722555541992187578e-01 5.881933212280273660e-01 8.097162628173828480e-01 9.489696502685547319e-01 9.719837188720703569e-01 9.744052124023437900e-01 9.576873779296875000e-01 nan
nan nan nan nan nan nan nan nan nan nan nan nan nan 0.000000000000000000e+00 0.000000000000000000e+00 0.000000000000000000e+00 0.000000000000000000e+00 0.000000000000000000e+00 0.000000000000000000e+00 0.000000000000000000e+00 0.000000000000000000e+00 7.543925762176513505e-02 2.925696372985839844e-01 7.236896514892577903e-01 9.379637145996093661e-01 9.659222412109375044e-01 9.580999755859375133e-01 nan
nan nan nan nan nan nan nan nan nan nan nan nan nan nan nan 0.000000000000000000e+00 0.000000000000000000e+00 0.000000000000000000e+00 0.000000000000000000e+00 0.000000000000000000e+00 0.000000000000000000e+00 0.000000000000000000e+00 5.002444267272949247e-02 4.968318557739258012e-01 8.962703704833984153e-01 9.232473754882812855e-01 9.492199707031250266e-01 nan
nan nan nan nan nan nan nan nan nan nan nan nan nan nan nan nan nan 0.000000000000000000e+00 0.000000000000000000e+00 0.000000000000000000e+00 0.000000000000000000e+00 1.316583275794982848e-02 0.000000000000000000e+00 1.829703712463378873e-01 6.645696258544921964e-01 8.725392913818359464e-01 9.087844085693359553e-01 nan
nan nan nan nan nan nan nan nan nan nan nan nan nan nan nan nan nan nan nan nan 2.702399969100952037e-02 nan nan 3.394074141979217408e-03 1.942281532287597756e-01 6.946141052246094238e-01 nan nan
