nan nan nan 0.000000000000000000e+00 0.000000000000000000e+00 0.000000000000000000e+00 nan nan nan nan nan nan nan nan nan nan nan nan nan nan nan nan nan nan nan nan nan nan
nan nan 0.000000000000000000e+00 0.000000000000000000e+00 0.000000000000000000e+00 0.000000000000000000e+00 0.000000000000000000e+00 nan nan nan nan nan nan nan nan nan nan nan nan nan nan nan nan nan nan nan nan nan
nan nan 0.000000000000000000e+00 0.000000000000000000e+00 0.000000000000000000e+00 0.000000000000000000e+00 0.000000000000000000e+00 5.014888763427734208e-02 nan nan nan nan nan nan nan nan nan nan nan nan nan nan nan nan nan nan nan nan
nan 0.000000000000000000e+00 0.000000000000000000e+00 0.000000000000000000e+00 0.000000000000000000e+00 0.000000000000000000e+00 0.000000000000000000e+00 3.256296217441558786e-03 3.449599838256836026e-01 nan nan nan nan nan nan nan nan nan nan nan nan nan nan nan nan nan nan nan
0.000000000000000000e+00 0.000000000000000000e+00 0.000000000000000000e+00 0.000000000000000000e+00 0.000000000000000000e+00 0.000000000000000000e+00 0.000000000000000000e+00 0.000000000000000000e+00 2.643059349060058461e-01 7.810111236572265803e-01 nan nan nan nan nan nan nan nan nan nan nan nan nan nan nan nan nan nan
0.000000000000000000e+00 0.000000000000000000e+00 0.000000000000000000e+00 0.000000000000000000e+00 0.000000000000000000e+00 0.000000000000000000e+00 0.000000000000000000e+00 0.000000000000000000e+00 2.790614891052246027e-01 7.671946716308594150e-01 nan nan nan nan nan nan nan nan nan nan nan nan nan nan nan nan nan nan
0.000000000000000000e+00 0.000000000000000000e+00 0.000000000000000000e+00 0.000000000000000000e+00 0.000000000000000000e+00 0.000000000000000000e+00 0.000000000000000000e+00 5.645925998687744037e-03 4.544681549072265847e-01 nan nan nan nan nan nan nan nan nan nan nan nan nan nan nan nan nan nan nan
0.000000000000000000e+00 0.000000000000000000e+00 0.000000000000000000e+00 0.000000000000000000e+00 0.000000000000000000e+00 0.000000000000000000e+00 0.000000000000000000e+00 2.291555643081664984e-02 5.730792617797851873e-01 nan nan nan nan nan nan nan nan nan nan nan nan nan nan nan nan nan nan nan
nan 0.000000000000000000e+00 0.000000000000000000e+00 0.000000000000000000e+00 0.000000000000000000e+00 0.000000000000000000e+00 0.000000000000000000e+00 1.057503700256347684e-01 6.808333587646484553e-01 9.047837829589844283e-01 nan nan nan nan nan nan nan nan nan nan nan nan nan nan nan nan nan nan
nan 0.000000000000000000e+00 0.000000000000000000e+00 0.000000000000000000e+00 0.000000000000000000e+00 0.000000000000000000e+00 0.000000000000000000e+00 3.771333217620849443e-02 5.776385116577148482e-01 9.103385162353515581e-01 nan nan nan nan nan nan nan nan nan nan nan nan nan nan nan nan nan nan
nan 0.000000000000000000e+00 0.000000000000000000e+00 0.000000000000000000e+00 0.000000000000000000e+00 0.000000000000000000e+00 0.000000000000000000e+00 8.581185340881347656e-02 6.684725952148437012e-01 9.281340789794921831e-01 nan nan nan nan nan nan nan nan nan nan nan nan nan nan nan nan nan nan
nan nan 0.000000000000000000e+00 0.000000000000000000e+00 0.000000000000000000e+00 0.000000000000000000e+00 0.000000000000000000e+00 1.637199974060058461e-01 7.821666717529296431e-01 9.251414489746093706e-01 nan nan nan nan nan nan nan nan nan nan nan nan nan nan nan nan nan nan
nan nan 0.000000000000000000e+00 0.000000000000000000e+00 2.092244529724121005e-01 1.921466708183288546e-02 0.000000000000000000e+00 6.119999885559081892e-02 6.318777847290039107e-01 8.869599914550780895e-01 nan nan nan nan nan nan nan nan nan nan nan nan nan nan nan nan nan nan
nan nan nan nan nan nan 0.000000000000000000e+00 0.000000000000000000e+00 3.702185058593749911e-01 8.397575378417968528e-01 nan nan nan nan nan nan nan nan nan nan nan nan nan nan nan nan nan nan
nan nan nan nan nan 8.841481208801269670e-03 0.000000000000000000e+00 0.000000000000000000e+00 3.432199859619140536e-01 8.359577941894531516e-01 9.304000091552734331e-01 nan nan nan nan nan nan nan nan nan nan nan nan nan nan nan nan nan
nan nan nan nan nan 0.000000000000000000e+00 0.000000000000000000e+00 0.000000000000000000e+00 1.988496208190917991e-01 7.727555847167968395e-01 8.992800140380858842e-01 nan nan nan nan nan nan nan nan nan nan nan nan nan nan nan nan nan
nan nan nan nan nan 0.000000000000000000e+00 0.000000000000000000e+00 0.000000000000000000e+00 3.618592500686645258e-02 5.554207229614257502e-01 8.684725952148437678e-01 9.192304992675781605e-01 9.568546295166016069e-01 9.995333099365234508e-01 nan 1.000000000000000000e+00 nan nan nan nan nan nan nan nan nan nan nan nan
nan nan nan nan 0.000000000000000000e+00 0.000000000000000000e+00 0.000000000000000000e+00 0.000000000000000000e+00 0.000000000000000000e+00 1.957600021362304599e-01 7.050229644775390936e-01 9.055200195312500533e-01 9.386044311523437100e-01 9.664177703857421697e-01 9.964658355712890936e-01 nan nan nan nan nan nan nan nan nan nan nan nan nan
nan nan nan nan nan 0.000000000000000000e+00 0.000000000000000000e+00 0.000000000000000000e+00 0.000000000000000000e+00 4.253333210945129186e-03 1.451340770721435414e-01 6.389948272705078258e-01 9.052985382080077637e-01 9.457770538330078081e-01 9.761296081542968350e-01 9.806455230712890492e-01 nan nan nan nan nan nan nan nan nan nan nan nan
nan nan nan nan nan nan 0.000000000000000000e+00 0.000000000000000000e+00 0.000000000000000000e+00 0.000000000000000000e+00 0.000000000000000000e+00 2.051874160766601618e-01 7.093244171142578658e-01 9.017578124999999778e-01 9.549163055419921387e-01 9.737133026123047097e-01 9.673722076416015891e-01 9.686088562011718750e-01 9.838960266113281339e-01 nan nan nan nan nan nan nan nan nan
nan nan nan nan nan nan nan 0.000000000000000000e+00 0.000000000000000000e+00 0.000000000000000000e+00 0.000000000000000000e+00 5.681703567504883118e-02 4.354370498657226807e-01 7.316629791259765536e-01 8.876281738281249778e-01 9.712036895751953169e-01 9.795829772949218306e-01 9.725473785400390314e-01 9.818185424804687367e-01 9.769650268554687100e-01 9.892011260986328658e-01 9.769100189208984597e-01 nan nan nan nan nan nan
nan nan nan nan nan nan nan 0.000000000000000000e+00 0.000000000000000000e+00 0.000000000000000000e+00 0.000000000000000000e+00 8.696296066045761585e-04 1.571548175811767478e-01 3.858636856079101785e-01 5.671073913574218306e-01 8.441414642333984197e-01 9.554533386230468217e-01 9.850696563720703347e-01 9.855274200439453347e-01 9.778562927246093883e-01 9.804162597656249645e-01 9.697036743164062500e-01 9.581058502197266069e-01 9.112400054931640847e-01 nan nan nan nan
nan nan nan nan nan nan nan nan 0.000000000000000000e+00 0.000000000000000000e+00 0.000000000000000000e+00 0.000000000000000000e+00 4.711925983428955078e-02 8.508962631225586160e-02 9.470889091491699330e-02 3.483074188232421764e-01 7.599311065673828303e-01 9.386029815673828658e-01 9.657111358642578303e-01 9.635807037353515403e-01 9.263111114501952903e-01 9.074940490722656072e-01 9.343207550048827637e-01 8.914885711669922053e-01 nan 9.637171173095703258e-01 9.361408233642578569e-01 nan
nan nan nan nan nan nan nan nan nan 0.000000000000000000e+00 0.000000000000000000e+00 0.000000000000000000e+00 7.750370502471923793e-03 1.110370397567748968e-02 0.000000000000000000e+00 1.483555555343627971e-02 2.379185104370117321e-01 6.867762756347656206e-01 8.969763183593749689e-01 9.548829650878906117e-01 9.564992523193359686e-01 9.203155517578125444e-01 9.101081848144531028e-01 8.342066955566406206e-01 7.693762207031249467e-01 9.201858520507812944e-01 9.401414489746093839e-01 nan
nan nan nan nan nan nan nan nan nan nan 0.000000000000000000e+00 0.000000000000000000e+00 0.000000000000000000e+00 0.000000000000000000e+00 0.000000000000000000e+00 0.000000000000000000e+00 5.866666436195373639e-03 2.116081428527832042e-01 5.609696197509765891e-01 7.275725555419921831e-01 9.020155334472655939e-01 9.590844726562499645e-01 9.380733489990233931e-01 9.167822265624999689e-01 9.401525878906249467e-01 9.682303619384765581e-01 9.747207641601562944e-01 nan
nan nan nan nan nan nan nan nan nan nan nan nan 0.000000000000000000e+00 0.000000000000000000e+00 0.000000000000000000e+00 0.000000000000000000e+00 0.000000000000000000e+00 1.949629634618759051e-03 5.620592594146728294e-02 2.001066589355468828e-01 5.058577728271483887e-01 8.288726043701172275e-01 9.018503570556640758e-01 9.200651550292968661e-01 9.447399902343750488e-01 9.696422576904296653e-01 9.759748077392578214e-01 nan
nan nan nan nan nan nan nan nan nan nan nan nan nan 0.000000000000000000e+00 0.000000000000000000e+00 0.000000000000000000e+00 0.000000000000000000e+00 0.000000000000000000e+00 0.000000000000000000e+00 0.000000000000000000e+00 3.422148227691650113e-02 3.632533264160155984e-01 7.158222198486328125e-01 8.947274017333984863e-01 9.527214813232421919e-01 9.643829345703125444e-01 9.687673950195312411e-01 nan
nan nan nan nan nan nan nan nan nan nan nan nan nan nan nan 0.000000000000000000e+00 0.000000000000000000e+00 0.000000000000000000e+00 0.000000000000000000e+00 0.000000000000000000e+00 0.000000000000000000e+00 1.244740724563598612e-02 4.982600021362304510e-01 8.990222167968749956e-01 9.606496429443359686e-01 9.558377838134766158e-01 9.711059570312500222e-01 nan
nan nan nan nan nan nan nan nan nan nan nan nan nan nan nan nan nan 0.000000000000000000e+00 0.000000000000000000e+00 0.000000000000000000e+00 0.000000000000000000e+00 1.198250055313110352e-02 2.987308311462402166e-01 8.168933105468749734e-01 9.661740875244140270e-01 9.762296295166015270e-01 9.843910980224609419e-01 nan
nan nan nan nan nan nan nan nan nan nan nan nan nan nan nan nan nan nan nan nan 9.170666933059692938e-03 nan nan 5.466851806640624645e-01 8.584629821777344238e-01 9.741963195800781294e-01 nan nan
