nan nan nan 0.000000000000000000e+00 0.000000000000000000e+00 8.044444769620895863e-04 nan nan nan nan nan nan nan nan nan nan nan nan nan nan nan nan nan nan nan nan nan nan
nan nan 0.000000000000000000e+00 0.000000000000000000e+00 0.000000000000000000e+00 0.000000000000000000e+00 8.985184878110885663e-04 nan nan nan nan nan nan nan nan nan nan nan nan nan nan nan nan nan nan nan nan nan
nan nan 0.000000000000000000e+00 0.000000000000000000e+00 0.000000000000000000e+00 0.000000000000000000e+00 0.000000000000000000e+00 8.194814682006835993e-02 nan nan nan nan nan nan nan nan nan nan nan nan nan nan nan nan nan nan nan nan
nan 0.000000000000000000e+00 0.000000000000000000e+00 0.000000000000000000e+00 0.000000000000000000e+00 0.000000000000000000e+00 0.000000000000000000e+00 9.809629917144775321e-03 3.447755432128906117e-01 nan nan nan nan nan nan nan nan nan nan nan nan nan nan nan nan nan nan nan
0.000000000000000000e+00 0.000000000000000000e+00 0.000000000000000000e+00 0.000000000000000000e+00 0.000000000000000000e+00 0.000000000000000000e+00 0.000000000000000000e+00 0.000000000000000000e+00 2.470466613769531361e-01 7.836703491210937900e-01 nan nan nan nan nan nan nan nan nan nan nan nan nan nan nan nan nan nan
0.000000000000000000e+00 0.000000000000000000e+00 0.000000000000000000e+00 0.000000000000000000e+00 0.000000000000000000e+00 0.000000000000000000e+00 0.000000000000000000e+00 1.516370415687560980e-02 3.329607391357422008e-01 7.272799682617187012e-01 nan nan nan nan nan nan nan nan nan nan nan nan nan nan nan nan nan nan
0.000000000000000000e+00 0.000000000000000000e+00 0.000000000000000000e+00 0.000000000000000000e+00 0.000000000000000000e+00 0.000000000000000000e+00 0.000000000000000000e+00 2.688222169876098785e-02 5.311111068725585804e-01 nan nan nan nan nan nan nan nan nan nan nan nan nan nan nan nan nan nan nan
0.000000000000000000e+00 0.000000000000000000e+00 0.000000000000000000e+00 0.000000000000000000e+00 0.000000000000000000e+00 0.000000000000000000e+00 0.000000000000000000e+00 3.695481538772583258e-02 5.859185028076171475e-01 nan nan nan nan nan nan nan nan nan nan nan nan nan nan nan nan nan nan nan
nan 0.000000000000000000e+00 0.000000000000000000e+00 0.000000000000000000e+00 0.000000000000000000e+00 0.000000000000000000e+00 0.000000000000000000e+00 7.659407615661621704e-02 6.336570358276367720e-01 9.429304504394531161e-01 nan nan nan nan nan nan nan nan nan nan nan nan nan nan nan nan nan nan
nan 0.000000000000000000e+00 0.000000000000000000e+00 0.000000000000000000e+00 0.000000000000000000e+00 0.000000000000000000e+00 0.000000000000000000e+00 1.356444478034973117e-02 3.306325912475586160e-01 8.262955474853516113e-01 nan nan nan nan nan nan nan nan nan nan nan nan nan nan nan nan nan nan
nan 0.000000000000000000e+00 0.000000000000000000e+00 0.000000000000000000e+00 0.000000000000000000e+00 0.000000000000000000e+00 0.000000000000000000e+00 0.000000000000000000e+00 2.014570426940917869e-01 7.308829498291015137e-01 nan nan nan nan nan nan nan nan nan nan nan nan nan nan nan nan nan nan
nan nan 0.000000000000000000e+00 0.000000000000000000e+00 0.000000000000000000e+00 0.000000000000000000e+00 0.000000000000000000e+00 1.279185175895690939e-02 4.269096374511718861e-01 9.166481781005859641e-01 nan nan nan nan nan nan nan nan nan nan nan nan nan nan nan nan nan nan
nan nan 0.000000000000000000e+00 0.000000000000000000e+00 2.249566650390625033e-01 2.190133333206176897e-02 0.000000000000000000e+00 1.642962932586669936e-02 4.556681442260742121e-01 9.140525054931640803e-01 nan nan nan nan nan nan nan nan nan nan nan nan nan nan nan nan nan nan
nan nan nan nan nan nan 0.000000000000000000e+00 9.251851588487625122e-04 2.449629592895507801e-01 8.321324920654297186e-01 nan nan nan nan nan nan nan nan nan nan nan nan nan nan nan nan nan nan
nan nan nan nan nan 7.324444651603698349e-03 0.000000000000000000e+00 0.000000000000000000e+00 8.922296524047851340e-02 6.429903411865234286e-01 9.003800201416015669e-01 nan nan nan nan nan nan nan nan nan nan nan nan nan nan nan nan nan
nan nan nan nan nan 0.000000000000000000e+00 0.000000000000000000e+00 0.000000000000000000e+00 0.000000000000000000e+00 3.655162811279296653e-01 8.704695129394530717e-01 nan nan nan nan nan nan nan nan nan nan nan nan nan nan nan nan nan
nan nan nan nan nan 0.000000000000000000e+00 0.000000000000000000e+00 0.000000000000000000e+00 0.000000000000000000e+00 2.089659309387207065e-01 8.143978118896484375e-01 9.466323852539062500e-01 9.889106750488281250e-01 9.998826599121093395e-01 nan 9.589933013916015492e-01 nan nan nan nan nan nan nan nan nan nan nan nan
nan nan nan nan 0.000000000000000000e+00 0.000000000000000000e+00 0.000000000000000000e+00 0.000000000000000000e+00 0.000000000000000000e+00 4.081259250640869446e-02 4.897651672363281250e-01 8.652288818359374911e-01 9.513999938964843306e-01 9.898851776123046564e-01 9.992424774169922363e-01 nan nan nan nan nan nan nan nan nan nan nan nan nan
nan nan nan nan nan 0.000000000000000000e+00 0.000000000000000000e+00 0.000000000000000000e+00 0.000000000000000000e+00 0.000000000000000000e+00 7.372518539428711548e-02 5.514866638183594238e-01 8.819155883789062678e-01 9.432451629638671786e-01 9.679370117187500178e-01 9.630422210693359020e-01 nan nan nan nan nan nan nan nan nan nan nan nan
nan nan nan nan nan nan 0.000000000000000000e+00 0.000000000000000000e+00 0.000000000000000000e+00 0.000000000000000000e+00 8.401481509208679269e-03 2.549407386779785067e-01 7.639718627929688033e-01 9.229733276367187988e-01 9.488896179199218794e-01 9.399089050292969150e-01 9.225955200195312678e-01 9.102733612060547319e-01 9.473173522949218661e-01 nan nan nan nan nan nan nan nan nan
nan nan nan nan nan nan nan 0.000000000000000000e+00 0.000000000000000000e+00 0.000000000000000000e+00 3.171851933002471993e-03 1.631251907348632846e-01 6.132444381713867410e-01 9.014718627929687589e-01 9.366170501708984686e-01 9.287133026123046697e-01 9.531021881103515225e-01 9.565888977050781561e-01 9.591711425781249689e-01 9.477933502197265492e-01 1.000000000000000000e+00 9.879399871826172186e-01 nan nan nan nan nan nan
nan nan nan nan nan nan nan 0.000000000000000000e+00 0.000000000000000000e+00 0.000000000000000000e+00 0.000000000000000000e+00 5.881555557250976729e-02 3.830274200439452992e-01 7.040251922607422275e-01 8.294807434082031028e-01 8.892133331298828214e-01 9.183769989013671475e-01 9.454259490966796520e-01 9.702214813232421520e-01 9.787229919433593217e-01 9.718651580810546697e-01 9.990918731689453214e-01 9.972883605957031383e-01 9.523466491699218439e-01 nan nan nan nan
nan nan nan nan nan nan nan nan 0.000000000000000000e+00 0.000000000000000000e+00 0.000000000000000000e+00 2.139259278774261613e-03 1.486488914489746127e-01 3.836629486083984464e-01 5.003651809692383212e-01 5.941977691650390803e-01 7.793888854980468572e-01 9.106021881103515403e-01 9.461059570312500000e-01 9.687110900878905806e-01 9.609533691406250133e-01 9.805577850341796742e-01 9.907762908935546786e-01 9.240276336669921431e-01 nan 9.810647583007812145e-01 9.332658386230469061e-01 nan
nan nan nan nan nan nan nan nan nan 0.000000000000000000e+00 0.000000000000000000e+00 0.000000000000000000e+00 0.000000000000000000e+00 3.117481470108032088e-02 1.102259254455566356e-01 2.098451805114746049e-01 2.542799949645996316e-01 6.408266448974608842e-01 8.847807312011718439e-01 9.366355895996093528e-01 9.607266998291015270e-01 9.613392639160156516e-01 9.492029571533202592e-01 8.423422241210937189e-01 7.918333435058593217e-01 9.191300201416016113e-01 9.276637268066406650e-01 nan
nan nan nan nan nan nan nan nan nan nan 0.000000000000000000e+00 0.000000000000000000e+00 0.000000000000000000e+00 0.000000000000000000e+00 2.078518569469451748e-03 9.702222347259521415e-03 7.208889126777648718e-03 1.123844432830810591e-01 4.499407577514648593e-01 6.697637176513672186e-01 8.480326080322265758e-01 9.289659118652343617e-01 9.315244293212890936e-01 9.014170074462890536e-01 9.167037200927734553e-01 9.345622253417968928e-01 9.491252136230469150e-01 nan
nan nan nan nan nan nan nan nan nan nan nan nan 0.000000000000000000e+00 0.000000000000000000e+00 0.000000000000000000e+00 0.000000000000000000e+00 0.000000000000000000e+00 0.000000000000000000e+00 1.876222252845764077e-02 7.958889007568359375e-02 3.837859344482421609e-01 7.982659149169921697e-01 9.141370391845703436e-01 9.299703979492187633e-01 9.428644561767578480e-01 9.541600036621094016e-01 9.522577667236328258e-01 nan
nan nan nan nan nan nan nan nan nan nan nan nan nan 0.000000000000000000e+00 0.000000000000000000e+00 0.000000000000000000e+00 0.000000000000000000e+00 0.000000000000000000e+00 0.000000000000000000e+00 0.000000000000000000e+00 2.093703746795654366e-02 3.163414764404297030e-01 6.569999694824218972e-01 9.036755371093749822e-01 9.633473968505859020e-01 9.805496215820312944e-01 9.816977691650390359e-01 nan
nan nan nan nan nan nan nan nan nan nan nan nan nan nan nan 0.000000000000000000e+00 0.000000000000000000e+00 0.000000000000000000e+00 0.000000000000000000e+00 0.000000000000000000e+00 0.000000000000000000e+00 9.162963181734085560e-04 1.706570434570312544e-01 6.419829559326172275e-01 9.416081237792969238e-01 9.860696411132812145e-01 9.980955505371094105e-01 nan
nan nan nan nan nan nan nan nan nan nan nan nan nan nan nan nan nan 0.000000000000000000e+00 0.000000000000000000e+00 0.000000000000000000e+00 0.000000000000000000e+00 1.356333374977111879e-02 8.576666712760925085e-03 1.473733329772949352e-01 6.483407592773438033e-01 9.604081726074218395e-01 9.962940979003905850e-01 nan
nan nan nan nan nan nan nan nan nan nan nan nan nan nan nan nan nan nan nan nan 7.476533412933349110e-02 nan nan 7.308888912200928178e-02 2.702859306335449463e-01 8.357259368896484686e-01 nan nan
