nan nan nan 0.000000000000000000e+00 0.000000000000000000e+00 0.000000000000000000e+00 nan nan nan nan nan nan nan nan nan nan nan nan nan nan nan nan nan nan nan nan nan nan
nan nan 0.000000000000000000e+00 0.000000000000000000e+00 0.000000000000000000e+00 0.000000000000000000e+00 1.362518548965454060e-02 nan nan nan nan nan nan nan nan nan nan nan nan nan nan nan nan nan nan nan nan nan
nan nan 0.000000000000000000e+00 0.000000000000000000e+00 0.000000000000000000e+00 0.000000000000000000e+00 0.000000000000000000e+00 1.063644409179687472e-01 nan nan nan nan nan nan nan nan nan nan nan nan nan nan nan nan nan nan nan nan
nan 0.000000000000000000e+00 0.000000000000000000e+00 0.000000000000000000e+00 0.000000000000000000e+00 0.000000000000000000e+00 0.000000000000000000e+00 1.714888930320739718e-02 3.306407546997070512e-01 nan nan nan nan nan nan nan nan nan nan nan nan nan nan nan nan nan nan nan
0.000000000000000000e+00 0.000000000000000000e+00 0.000000000000000000e+00 0.000000000000000000e+00 0.000000000000000000e+00 0.000000000000000000e+00 0.000000000000000000e+00 0.000000000000000000e+00 1.013140773773193309e-01 5.754785156249999645e-01 nan nan nan nan nan nan nan nan nan nan nan nan nan nan nan nan nan nan
0.000000000000000000e+00 0.000000000000000000e+00 0.000000000000000000e+00 0.000000000000000000e+00 0.000000000000000000e+00 0.000000000000000000e+00 0.000000000000000000e+00 0.000000000000000000e+00 1.033074092864990218e-01 3.987946701049804865e-01 nan nan nan nan nan nan nan nan nan nan nan nan nan nan nan nan nan nan
0.000000000000000000e+00 0.000000000000000000e+00 0.000000000000000000e+00 0.000000000000000000e+00 0.000000000000000000e+00 0.000000000000000000e+00 0.000000000000000000e+00 3.342222273349761824e-03 3.595066833496093905e-01 nan nan nan nan nan nan nan nan nan nan nan nan nan nan nan nan nan nan nan
0.000000000000000000e+00 0.000000000000000000e+00 0.000000000000000000e+00 0.000000000000000000e+00 0.000000000000000000e+00 0.000000000000000000e+00 0.000000000000000000e+00 3.771851956844330007e-03 4.362214660644531117e-01 nan nan nan nan nan nan nan nan nan nan nan nan nan nan nan nan nan nan nan
nan 0.000000000000000000e+00 0.000000000000000000e+00 0.000000000000000000e+00 0.000000000000000000e+00 0.000000000000000000e+00 9.237036854028702042e-04 4.935703754425049133e-02 5.016355514526367188e-01 8.925561523437499645e-01 nan nan nan nan nan nan nan nan nan nan nan nan nan nan nan nan nan nan
nan 0.000000000000000000e+00 0.000000000000000000e+00 0.000000000000000000e+00 0.000000000000000000e+00 0.000000000000000000e+00 0.000000000000000000e+00 2.845259189605713057e-02 2.946777725219726363e-01 8.525533294677734020e-01 nan nan nan nan nan nan nan nan nan nan nan nan nan nan nan nan nan nan
nan 0.000000000000000000e+00 0.000000000000000000e+00 0.000000000000000000e+00 0.000000000000000000e+00 0.000000000000000000e+00 0.000000000000000000e+00 0.000000000000000000e+00 2.486674118041992121e-01 8.464429473876953214e-01 nan nan nan nan nan nan nan nan nan nan nan nan nan nan nan nan nan nan
nan nan 0.000000000000000000e+00 0.000000000000000000e+00 0.000000000000000000e+00 0.000000000000000000e+00 0.000000000000000000e+00 1.020814776420593192e-02 4.152103805541992321e-01 9.360133361816406206e-01 nan nan nan nan nan nan nan nan nan nan nan nan nan nan nan nan nan nan
nan nan 0.000000000000000000e+00 0.000000000000000000e+00 4.950000047683715890e-03 2.371333360671996904e-02 0.000000000000000000e+00 2.090370357036590646e-03 2.922985267639159890e-01 8.521458435058594238e-01 nan nan nan nan nan nan nan nan nan nan nan nan nan nan nan nan nan nan
nan nan nan nan nan nan 0.000000000000000000e+00 9.014815092086792209e-04 1.913074111938476429e-01 8.062916564941405850e-01 nan nan nan nan nan nan nan nan nan nan nan nan nan nan nan nan nan nan
nan nan nan nan nan 8.419259190559387832e-03 0.000000000000000000e+00 0.000000000000000000e+00 9.684666633605956698e-02 7.272718811035155939e-01 9.420133209228516158e-01 nan nan nan nan nan nan nan nan nan nan nan nan nan nan nan nan nan
nan nan nan nan nan 0.000000000000000000e+00 0.000000000000000000e+00 0.000000000000000000e+00 3.587407469749450632e-03 4.463185119628906294e-01 8.954104614257812900e-01 nan nan nan nan nan nan nan nan nan nan nan nan nan nan nan nan nan
nan nan nan nan nan 0.000000000000000000e+00 0.000000000000000000e+00 0.000000000000000000e+00 0.000000000000000000e+00 1.378414821624755759e-01 7.804407501220702592e-01 9.318104553222655850e-01 9.703092956542969105e-01 9.956226348876953125e-01 nan 9.511299896240233975e-01 nan nan nan nan nan nan nan nan nan nan nan nan
nan nan nan nan 0.000000000000000000e+00 0.000000000000000000e+00 0.000000000000000000e+00 0.000000000000000000e+00 0.000000000000000000e+00 6.992592811584472969e-03 3.505977630615234597e-01 7.193199920654297363e-01 9.010059356689452681e-01 9.749970245361327947e-01 9.943650054931640891e-01 nan nan nan nan nan nan nan nan nan nan nan nan nan
nan nan nan nan nan 0.000000000000000000e+00 0.000000000000000000e+00 0.000000000000000000e+00 0.000000000000000000e+00 0.000000000000000000e+00 1.291407465934753425e-02 1.542800045013427712e-01 6.696644592285155850e-01 9.161533355712890847e-01 9.457377624511719150e-01 9.646666717529296387e-01 nan nan nan nan nan nan nan nan nan nan nan nan
nan nan nan nan nan nan 0.000000000000000000e+00 0.000000000000000000e+00 0.000000000000000000e+00 0.000000000000000000e+00 0.000000000000000000e+00 0.000000000000000000e+00 3.075822257995605713e-01 8.706955718994140447e-01 9.150229644775390581e-01 9.360015106201171609e-01 9.618611145019531072e-01 9.491755676269530984e-01 9.638453674316406206e-01 nan nan nan nan nan nan nan nan nan
nan nan nan nan nan nan nan 0.000000000000000000e+00 0.000000000000000000e+00 0.000000000000000000e+00 0.000000000000000000e+00 0.000000000000000000e+00 7.467111110687256470e-02 6.557896423339844016e-01 9.164904022216796564e-01 9.448081207275390581e-01 9.573829650878906694e-01 9.802340698242187900e-01 9.860281372070311967e-01 9.737316894531250488e-01 9.997777557373046520e-01 9.844066619873046431e-01 nan nan nan nan nan nan
nan nan nan nan nan nan nan 0.000000000000000000e+00 0.000000000000000000e+00 0.000000000000000000e+00 0.000000000000000000e+00 0.000000000000000000e+00 0.000000000000000000e+00 2.090999984741210849e-01 7.623629760742187678e-01 9.350451660156250400e-01 9.484785461425780939e-01 9.682466888427734286e-01 9.912310791015624956e-01 9.977326202392577947e-01 9.929659271240234286e-01 9.949044799804687145e-01 9.861524963378905939e-01 9.208533477783202859e-01 nan nan nan nan
nan nan nan nan nan nan nan nan 0.000000000000000000e+00 0.000000000000000000e+00 0.000000000000000000e+00 0.000000000000000000e+00 0.000000000000000000e+00 3.911629676818847989e-02 4.935163116455077992e-01 8.471199798583984863e-01 9.411948394775390137e-01 9.409577941894531339e-01 9.727503967285155984e-01 9.854911041259765137e-01 9.784222412109374600e-01 9.683866882324219105e-01 9.927555847167969238e-01 9.568714141845703347e-01 nan 9.791742706298828258e-01 9.358999633789062411e-01 nan
nan nan nan nan nan nan nan nan nan 0.000000000000000000e+00 0.000000000000000000e+00 0.000000000000000000e+00 0.000000000000000000e+00 0.000000000000000000e+00 1.645148086547851551e-01 7.097518157958984109e-01 9.202851867675780895e-01 9.167103576660156072e-01 9.338504028320312456e-01 9.445185089111327592e-01 9.549140930175781250e-01 9.641614532470703658e-01 9.776659393310547230e-01 9.355777740478515847e-01 8.190981292724609508e-01 9.035441589355468484e-01 9.296133422851562411e-01 nan
nan nan nan nan nan nan nan nan nan nan 0.000000000000000000e+00 0.000000000000000000e+00 0.000000000000000000e+00 0.000000000000000000e+00 1.104888916015625035e-02 2.880659294128418146e-01 6.592340850830078480e-01 7.903762817382812278e-01 8.510466766357421831e-01 8.815503692626953658e-01 9.039607238769531428e-01 9.248777770996093883e-01 9.413762664794922408e-01 9.222325897216796520e-01 9.125347900390624600e-01 9.271903991699218528e-01 9.512466430664062722e-01 nan
nan nan nan nan nan nan nan nan nan nan nan nan 0.000000000000000000e+00 0.000000000000000000e+00 0.000000000000000000e+00 5.068888664245605261e-03 8.758740425109863559e-02 2.536785125732421986e-01 3.774170303344726585e-01 6.132807540893554510e-01 6.731814575195312900e-01 8.187318420410156783e-01 8.993777465820312900e-01 9.436533355712890536e-01 9.553289031982421520e-01 9.603858947753906028e-01 9.710533142089843306e-01 nan
nan nan nan nan nan nan nan nan nan nan nan nan nan 0.000000000000000000e+00 0.000000000000000000e+00 0.000000000000000000e+00 0.000000000000000000e+00 3.965185284614563231e-03 1.017555594444274902e-02 9.540814399719238503e-02 2.162933349609375000e-01 4.678622055053711093e-01 5.291526031494140359e-01 7.402281188964843217e-01 9.605518341064452903e-01 9.886111450195312900e-01 9.964044189453125089e-01 nan
nan nan nan nan nan nan nan nan nan nan nan nan nan nan nan 0.000000000000000000e+00 0.000000000000000000e+00 0.000000000000000000e+00 0.000000000000000000e+00 0.000000000000000000e+00 8.540740609169006695e-04 4.321259021759032981e-02 4.315703868865966575e-02 1.974036979675292958e-01 7.325125885009765581e-01 9.443385314941405984e-01 9.869459533691405939e-01 nan
nan nan nan nan nan nan nan nan nan nan nan nan nan nan nan nan nan 0.000000000000000000e+00 0.000000000000000000e+00 0.000000000000000000e+00 0.000000000000000000e+00 1.360583305358886719e-02 0.000000000000000000e+00 9.795555472373962055e-03 1.168792629241943298e-01 5.765748214721679865e-01 9.539666748046875533e-01 nan
nan nan nan nan nan nan nan nan nan nan nan nan nan nan nan nan nan nan nan nan 2.049466609954833998e-02 nan nan 0.000000000000000000e+00 0.000000000000000000e+00 1.910755538940429599e-01 nan nan
