nan nan nan 0.000000000000000000e+00 0.000000000000000000e+00 0.000000000000000000e+00 nan nan nan nan nan nan nan nan nan nan nan nan nan nan nan nan nan nan nan nan nan nan
nan nan 0.000000000000000000e+00 0.000000000000000000e+00 0.000000000000000000e+00 0.000000000000000000e+00 0.000000000000000000e+00 nan nan nan nan nan nan nan nan nan nan nan nan nan nan nan nan nan nan nan nan nan
nan nan 0.000000000000000000e+00 0.000000000000000000e+00 0.000000000000000000e+00 0.000000000000000000e+00 0.000000000000000000e+00 1.637777835130691580e-03 nan nan nan nan nan nan nan nan nan nan nan nan nan nan nan nan nan nan nan nan
nan 0.000000000000000000e+00 0.000000000000000000e+00 0.000000000000000000e+00 0.000000000000000000e+00 0.000000000000000000e+00 0.000000000000000000e+00 0.000000000000000000e+00 5.388148427009582797e-03 nan nan nan nan nan nan nan nan nan nan nan nan nan nan nan nan nan nan nan
0.000000000000000000e+00 0.000000000000000000e+00 0.000000000000000000e+00 0.000000000000000000e+00 0.000000000000000000e+00 0.000000000000000000e+00 0.000000000000000000e+00 0.000000000000000000e+00 9.830370545387268066e-03 2.102148056030273549e-01 nan nan nan nan nan nan nan nan nan nan nan nan nan nan nan nan nan nan
0.000000000000000000e+00 0.000000000000000000e+00 0.000000000000000000e+00 0.000000000000000000e+00 0.000000000000000000e+00 0.000000000000000000e+00 0.000000000000000000e+00 0.000000000000000000e+00 3.798592567443847406e-02 1.811053276062011830e-01 nan nan nan nan nan nan nan nan nan nan nan nan nan nan nan nan nan nan
0.000000000000000000e+00 0.000000000000000000e+00 0.000000000000000000e+00 0.000000000000000000e+00 0.000000000000000000e+00 0.000000000000000000e+00 0.000000000000000000e+00 0.000000000000000000e+00 1.937874031066894598e-01 nan nan nan nan nan nan nan nan nan nan nan nan nan nan nan nan nan nan nan
0.000000000000000000e+00 0.000000000000000000e+00 0.000000000000000000e+00 0.000000000000000000e+00 0.000000000000000000e+00 0.000000000000000000e+00 0.000000000000000000e+00 1.261036992073059047e-02 3.112577819824218772e-01 nan nan nan nan nan nan nan nan nan nan nan nan nan nan nan nan nan nan nan
nan 0.000000000000000000e+00 0.000000000000000000e+00 0.000000000000000000e+00 0.000000000000000000e+00 0.000000000000000000e+00 0.000000000000000000e+00 5.335407257080078403e-02 4.050711059570312744e-01 7.601161956787109153e-01 nan nan nan nan nan nan nan nan nan nan nan nan nan nan nan nan nan nan
nan 0.000000000000000000e+00 0.000000000000000000e+00 0.000000000000000000e+00 0.000000000000000000e+00 0.000000000000000000e+00 0.000000000000000000e+00 3.155036926269531167e-02 3.045540809631347434e-01 8.131985473632812322e-01 nan nan nan nan nan nan nan nan nan nan nan nan nan nan nan nan nan nan
nan 0.000000000000000000e+00 0.000000000000000000e+00 0.000000000000000000e+00 0.000000000000000000e+00 0.000000000000000000e+00 1.382296323776245096e-02 1.858585166931152333e-01 3.841526031494140736e-01 8.206533050537109242e-01 nan nan nan nan nan nan nan nan nan nan nan nan nan nan nan nan nan nan
nan nan 0.000000000000000000e+00 0.000000000000000000e+00 0.000000000000000000e+00 0.000000000000000000e+00 4.895184993743896540e-02 4.414229583740234553e-01 7.043696594238281206e-01 9.213303375244140669e-01 nan nan nan nan nan nan nan nan nan nan nan nan nan nan nan nan nan nan
nan nan 0.000000000000000000e+00 0.000000000000000000e+00 5.698888897895813301e-03 2.411066770553588895e-02 2.853259325027465709e-02 3.560488891601562567e-01 7.184674072265625488e-01 9.249533081054687189e-01 nan nan nan nan nan nan nan nan nan nan nan nan nan nan nan nan nan nan
nan nan nan nan nan nan 1.671185135841369782e-02 1.085651874542236384e-01 4.394192504882812322e-01 8.542500305175780850e-01 nan nan nan nan nan nan nan nan nan nan nan nan nan nan nan nan nan nan
nan nan nan nan nan 8.820000290870665810e-03 0.000000000000000000e+00 1.042074084281921324e-02 2.950377845764159956e-01 7.417066955566405939e-01 8.867700195312500089e-01 nan nan nan nan nan nan nan nan nan nan nan nan nan nan nan nan nan
nan nan nan nan nan 0.000000000000000000e+00 0.000000000000000000e+00 8.837036788463592312e-04 1.342303657531738192e-01 5.569651794433593262e-01 8.192295074462890847e-01 nan nan nan nan nan nan nan nan nan nan nan nan nan nan nan nan nan
nan nan nan nan nan 0.000000000000000000e+00 0.000000000000000000e+00 0.000000000000000000e+00 4.562222361564636196e-03 2.309185218811035112e-01 7.609881591796875400e-01 8.693076324462890581e-01 9.241733551025390625e-01 9.714186859130858887e-01 nan 8.864167022705078391e-01 nan nan nan nan nan nan nan nan nan nan nan nan
nan nan nan nan 0.000000000000000000e+00 0.000000000000000000e+00 0.000000000000000000e+00 0.000000000000000000e+00 0.000000000000000000e+00 2.483851909637451241e-02 3.560577774047851696e-01 7.604629516601562056e-01 8.850674438476562322e-01 9.241007232666015314e-01 9.281591796874999467e-01 nan nan nan nan nan nan nan nan nan nan nan nan nan
nan nan nan nan nan 0.000000000000000000e+00 0.000000000000000000e+00 0.000000000000000000e+00 0.000000000000000000e+00 0.000000000000000000e+00 3.840444326400756919e-02 4.704600143432617343e-01 8.269733428955078347e-01 8.769385528564452859e-01 9.039281463623046742e-01 8.990277862548827770e-01 nan nan nan nan nan nan nan nan nan nan nan nan
nan nan nan nan nan nan 0.000000000000000000e+00 0.000000000000000000e+00 0.000000000000000000e+00 0.000000000000000000e+00 3.790370225906372105e-03 1.774829673767089888e-01 6.320711135864257590e-01 8.294777679443359197e-01 8.389311218261719105e-01 8.326437377929687411e-01 8.489455413818359775e-01 8.852155303955078214e-01 8.877799987792969194e-01 nan nan nan nan nan nan nan nan nan
nan nan nan nan nan nan nan 0.000000000000000000e+00 0.000000000000000000e+00 0.000000000000000000e+00 0.000000000000000000e+00 5.756740570068359653e-02 3.561096191406250000e-01 6.653215026855469061e-01 8.396289062499999734e-01 8.401940917968749867e-01 8.809614562988281605e-01 8.846874237060546875e-01 9.233659362792968617e-01 8.980516815185546342e-01 9.089366912841796431e-01 9.218949890136718395e-01 nan nan nan nan nan nan
nan nan nan nan nan nan nan 0.000000000000000000e+00 0.000000000000000000e+00 0.000000000000000000e+00 0.000000000000000000e+00 0.000000000000000000e+00 5.797407627105712752e-02 2.610303688049316340e-01 5.575873947143554776e-01 7.744821929931640092e-01 8.404266357421874556e-01 8.881214904785156294e-01 8.987400054931640181e-01 9.151911163330077592e-01 9.268970489501953125e-01 9.391296386718750444e-01 9.127191925048827592e-01 8.615399932861328436e-01 nan nan nan nan
nan nan nan nan nan nan nan nan 0.000000000000000000e+00 0.000000000000000000e+00 0.000000000000000000e+00 0.000000000000000000e+00 0.000000000000000000e+00 1.231777787208557066e-02 1.165088844299316390e-01 3.239066696166992276e-01 6.521289062499999734e-01 8.560147857666016158e-01 8.823140716552734242e-01 8.860622406005859153e-01 8.871340942382812678e-01 9.090785217285156650e-01 9.182814788818359775e-01 8.641514587402343572e-01 nan 9.394704437255859686e-01 8.556349945068358887e-01 nan
nan nan nan nan nan nan nan nan nan 0.000000000000000000e+00 0.000000000000000000e+00 0.000000000000000000e+00 0.000000000000000000e+00 0.000000000000000000e+00 0.000000000000000000e+00 1.938296318054199066e-02 1.560103702545166116e-01 5.928437042236328613e-01 8.610858917236328125e-01 8.858666992187500533e-01 8.665992736816405806e-01 8.794711303710937012e-01 8.899103546142578258e-01 8.462925720214843350e-01 7.261733245849609775e-01 8.337858581542968439e-01 8.748036956787109686e-01 nan
nan nan nan nan nan nan nan nan nan nan 0.000000000000000000e+00 0.000000000000000000e+00 0.000000000000000000e+00 0.000000000000000000e+00 0.000000000000000000e+00 0.000000000000000000e+00 1.566666662693023699e-03 1.278755569458007724e-01 5.342429733276367054e-01 7.050111389160156339e-01 8.175688934326171831e-01 8.573725891113280762e-01 8.535607147216797141e-01 8.469444274902343528e-01 8.467844390869140314e-01 8.803533172607421742e-01 8.896674346923828525e-01 nan
nan nan nan nan nan nan nan nan nan nan nan nan 0.000000000000000000e+00 0.000000000000000000e+00 0.000000000000000000e+00 0.000000000000000000e+00 0.000000000000000000e+00 0.000000000000000000e+00 3.601629734039306363e-02 1.487511157989502009e-01 4.506637191772460693e-01 7.849400329589844016e-01 8.555096435546875044e-01 8.671511077880859064e-01 8.666889190673827681e-01 8.691370391845703036e-01 8.764473724365234863e-01 nan
nan nan nan nan nan nan nan nan nan nan nan nan nan 0.000000000000000000e+00 0.000000000000000000e+00 0.000000000000000000e+00 0.000000000000000000e+00 0.000000000000000000e+00 0.000000000000000000e+00 0.000000000000000000e+00 3.373481512069702315e-02 3.813970184326171964e-01 6.587207031249999734e-01 8.580155181884765447e-01 8.847110748291016069e-01 8.801496124267578214e-01 8.854763031005858931e-01 nan
nan nan nan nan nan nan nan nan nan nan nan nan nan nan nan 0.000000000000000000e+00 0.000000000000000000e+00 0.000000000000000000e+00 0.000000000000000000e+00 0.000000000000000000e+00 0.000000000000000000e+00 6.545925736427307337e-03 3.011718559265136874e-01 7.974540710449218306e-01 9.164910888671875533e-01 9.148340606689453480e-01 9.066252136230468217e-01 nan
nan nan nan nan nan nan nan nan nan nan nan nan nan nan nan nan nan 0.000000000000000000e+00 0.000000000000000000e+00 0.000000000000000000e+00 0.000000000000000000e+00 1.333750009536743136e-02 7.560583114624024048e-02 5.753607559204101385e-01 8.939103698730468395e-01 9.316333007812499512e-01 9.223288726806641025e-01 nan
nan nan nan nan nan nan nan nan nan nan nan nan nan nan nan nan nan nan nan nan 5.801199913024902149e-02 nan nan 3.219096374511718484e-01 7.379666900634765936e-01 9.173933410644531383e-01 nan nan
