nan nan nan 0.000000000000000000e+00 0.000000000000000000e+00 0.000000000000000000e+00 nan nan nan nan nan nan nan nan nan nan nan nan nan nan nan nan nan nan nan nan nan nan
nan nan 0.000000000000000000e+00 0.000000000000000000e+00 0.000000000000000000e+00 0.000000000000000000e+00 0.000000000000000000e+00 nan nan nan nan nan nan nan nan nan nan nan nan nan nan nan nan nan nan nan nan nan
nan nan 0.000000000000000000e+00 0.000000000000000000e+00 0.000000000000000000e+00 0.000000000000000000e+00 0.000000000000000000e+00 1.009111166000366266e-02 nan nan nan nan nan nan nan nan nan nan nan nan nan nan nan nan nan nan nan nan
nan 0.000000000000000000e+00 0.000000000000000000e+00 0.000000000000000000e+00 0.000000000000000000e+00 0.000000000000000000e+00 0.000000000000000000e+00 0.000000000000000000e+00 1.558629608154296908e-01 nan nan nan nan nan nan nan nan nan nan nan nan nan nan nan nan nan nan nan
0.000000000000000000e+00 0.000000000000000000e+00 0.000000000000000000e+00 0.000000000000000000e+00 0.000000000000000000e+00 0.000000000000000000e+00 0.000000000000000000e+00 0.000000000000000000e+00 9.959111213684082586e-02 7.091592407226562367e-01 nan nan nan nan nan nan nan nan nan nan nan nan nan nan nan nan nan nan
0.000000000000000000e+00 0.000000000000000000e+00 0.000000000000000000e+00 0.000000000000000000e+00 0.000000000000000000e+00 0.000000000000000000e+00 0.000000000000000000e+00 0.000000000000000000e+00 1.106118488311767512e-01 5.030640029907226252e-01 nan nan nan nan nan nan nan nan nan nan nan nan nan nan nan nan nan nan
0.000000000000000000e+00 0.000000000000000000e+00 0.000000000000000000e+00 0.000000000000000000e+00 0.000000000000000000e+00 0.000000000000000000e+00 0.000000000000000000e+00 0.000000000000000000e+00 2.703170394897461137e-01 nan nan nan nan nan nan nan nan nan nan nan nan nan nan nan nan nan nan nan
0.000000000000000000e+00 0.000000000000000000e+00 0.000000000000000000e+00 0.000000000000000000e+00 0.000000000000000000e+00 0.000000000000000000e+00 0.000000000000000000e+00 6.762962788343429349e-04 3.148592567443847523e-01 nan nan nan nan nan nan nan nan nan nan nan nan nan nan nan nan nan nan nan
nan 0.000000000000000000e+00 0.000000000000000000e+00 0.000000000000000000e+00 0.000000000000000000e+00 0.000000000000000000e+00 0.000000000000000000e+00 0.000000000000000000e+00 3.083651924133301025e-01 8.767333221435547053e-01 nan nan nan nan nan nan nan nan nan nan nan nan nan nan nan nan nan nan
nan 0.000000000000000000e+00 0.000000000000000000e+00 0.000000000000000000e+00 0.000000000000000000e+00 0.000000000000000000e+00 0.000000000000000000e+00 0.000000000000000000e+00 1.355007362365722723e-01 8.149948120117187500e-01 nan nan nan nan nan nan nan nan nan nan nan nan nan nan nan nan nan nan
nan 0.000000000000000000e+00 0.000000000000000000e+00 0.000000000000000000e+00 0.000000000000000000e+00 0.000000000000000000e+00 0.000000000000000000e+00 0.000000000000000000e+00 1.094874095916748002e-01 7.638859558105468572e-01 nan nan nan nan nan nan nan nan nan nan nan nan nan nan nan nan nan nan
nan nan 0.000000000000000000e+00 0.000000000000000000e+00 0.000000000000000000e+00 0.000000000000000000e+00 0.000000000000000000e+00 0.000000000000000000e+00 2.380022239685058716e-01 8.658363342285155806e-01 nan nan nan nan nan nan nan nan nan nan nan nan nan nan nan nan nan nan
nan nan 0.000000000000000000e+00 0.000000000000000000e+00 0.000000000000000000e+00 2.256133317947387612e-02 0.000000000000000000e+00 0.000000000000000000e+00 2.433703613281250067e-01 8.251833343505858842e-01 nan nan nan nan nan nan nan nan nan nan nan nan nan nan nan nan nan nan
nan nan nan nan nan nan 0.000000000000000000e+00 0.000000000000000000e+00 7.535110950469971203e-02 6.946008300781250089e-01 nan nan nan nan nan nan nan nan nan nan nan nan nan nan nan nan nan nan
nan nan nan nan nan 5.088889002799987758e-03 0.000000000000000000e+00 0.000000000000000000e+00 2.241555452346801619e-02 6.016570281982421831e-01 9.377433013916015581e-01 nan nan nan nan nan nan nan nan nan nan nan nan nan nan nan nan nan
nan nan nan nan nan 0.000000000000000000e+00 0.000000000000000000e+00 0.000000000000000000e+00 0.000000000000000000e+00 3.831851959228515514e-01 8.770828247070312500e-01 nan nan nan nan nan nan nan nan nan nan nan nan nan nan nan nan nan
nan nan nan nan nan 0.000000000000000000e+00 0.000000000000000000e+00 0.000000000000000000e+00 0.000000000000000000e+00 8.964888572692870927e-02 7.109022521972656605e-01 9.261457061767578436e-01 9.894826507568359464e-01 9.999293518066406650e-01 nan 9.466866302490234419e-01 nan nan nan nan nan nan nan nan nan nan nan nan
nan nan nan nan 0.000000000000000000e+00 0.000000000000000000e+00 0.000000000000000000e+00 0.000000000000000000e+00 0.000000000000000000e+00 0.000000000000000000e+00 1.785014724731445179e-01 6.226555633544922363e-01 9.201110839843750222e-01 9.895911407470703303e-01 9.986849975585937456e-01 nan nan nan nan nan nan nan nan nan nan nan nan nan
nan nan nan nan nan 0.000000000000000000e+00 0.000000000000000000e+00 0.000000000000000000e+00 0.000000000000000000e+00 0.000000000000000000e+00 0.000000000000000000e+00 9.173851966857909934e-02 5.883251953125000488e-01 9.205007171630859020e-01 9.631103515625000222e-01 9.675688934326172053e-01 nan nan nan nan nan nan nan nan nan nan nan nan
nan nan nan nan nan nan 0.000000000000000000e+00 0.000000000000000000e+00 0.000000000000000000e+00 0.000000000000000000e+00 0.000000000000000000e+00 0.000000000000000000e+00 1.379177761077880759e-01 7.554459381103515447e-01 9.411096191406249645e-01 9.497274017333984242e-01 9.761010742187500311e-01 9.546844482421874556e-01 9.744519805908202770e-01 nan nan nan nan nan nan nan nan nan
nan nan nan nan nan nan nan 0.000000000000000000e+00 0.000000000000000000e+00 0.000000000000000000e+00 0.000000000000000000e+00 0.000000000000000000e+00 2.117777764797210745e-03 3.261540603637695379e-01 8.432451629638672008e-01 9.453622436523437811e-01 9.661614990234375089e-01 9.761489105224608887e-01 9.865133666992187411e-01 9.645083618164062012e-01 9.973811340332031650e-01 9.873533630371094105e-01 nan nan nan nan nan nan
nan nan nan nan nan nan nan 0.000000000000000000e+00 0.000000000000000000e+00 0.000000000000000000e+00 0.000000000000000000e+00 0.000000000000000000e+00 0.000000000000000000e+00 2.489185094833374148e-02 4.216896438598632946e-01 8.906051635742187056e-01 9.573244476318358842e-01 9.733859252929687456e-01 9.892214965820312900e-01 9.859799957275390270e-01 9.723637390136719016e-01 9.920378112792969105e-01 9.682366943359375089e-01 9.004799652099609863e-01 nan nan nan nan
nan nan nan nan nan nan nan nan 0.000000000000000000e+00 0.000000000000000000e+00 0.000000000000000000e+00 0.000000000000000000e+00 0.000000000000000000e+00 0.000000000000000000e+00 1.330570411682129028e-01 6.717474365234374911e-01 9.367829895019531561e-01 9.569955444335938033e-01 9.677370452880859064e-01 9.841051483154297230e-01 9.714762878417968484e-01 9.607970428466796609e-01 9.812274169921875178e-01 9.415809631347655806e-01 nan 9.645933532714843217e-01 9.276950073242187234e-01 nan
nan nan nan nan nan nan nan nan nan 0.000000000000000000e+00 0.000000000000000000e+00 0.000000000000000000e+00 0.000000000000000000e+00 0.000000000000000000e+00 3.086814880371093611e-02 4.415777587890625244e-01 8.091822052001953480e-01 9.213718414306640847e-01 9.547140502929687411e-01 9.607674407958984863e-01 9.643318176269530806e-01 9.572303771972656694e-01 9.762755584716796831e-01 9.252081298828125355e-01 7.959857177734375178e-01 8.983908081054687855e-01 9.255459594726562766e-01 nan
nan nan nan nan nan nan nan nan nan nan 0.000000000000000000e+00 0.000000000000000000e+00 0.000000000000000000e+00 0.000000000000000000e+00 0.000000000000000000e+00 5.192592620849609264e-02 4.446555709838866943e-01 7.593363189697265314e-01 8.872348022460937456e-01 9.230451965332031605e-01 9.292496490478515669e-01 9.325666809082031605e-01 9.297681427001953658e-01 9.059666442871093794e-01 9.061177825927734242e-01 9.226851654052734553e-01 9.362992858886718395e-01 nan
nan nan nan nan nan nan nan nan nan nan nan nan 0.000000000000000000e+00 0.000000000000000000e+00 0.000000000000000000e+00 0.000000000000000000e+00 5.888518333435058261e-02 3.044214820861816384e-01 4.441955566406249889e-01 6.240133285522461160e-01 7.662821960449218706e-01 8.367555236816406339e-01 8.539392852783203036e-01 9.246429443359375222e-01 9.447266387939453613e-01 9.602177429199219016e-01 9.667858886718749822e-01 nan
nan nan nan nan nan nan nan nan nan nan nan nan nan 0.000000000000000000e+00 0.000000000000000000e+00 0.000000000000000000e+00 0.000000000000000000e+00 6.351110935211182022e-03 2.194000005722045871e-02 6.046222209930419977e-02 2.601222229003906095e-01 3.938748168945312433e-01 3.420940780639648571e-01 5.688318634033202592e-01 9.025014495849609242e-01 9.727837371826172363e-01 9.681614685058593794e-01 nan
nan nan nan nan nan nan nan nan nan nan nan nan nan nan nan 0.000000000000000000e+00 0.000000000000000000e+00 0.000000000000000000e+00 0.000000000000000000e+00 0.000000000000000000e+00 1.356444478034973117e-02 3.002592563629150405e-02 2.661481499671936035e-03 6.166370391845703292e-02 4.394503784179687456e-01 8.071910858154296431e-01 9.741703796386719238e-01 nan
nan nan nan nan nan nan nan nan nan nan nan nan nan nan nan nan nan 0.000000000000000000e+00 0.000000000000000000e+00 0.000000000000000000e+00 0.000000000000000000e+00 1.293916702270507882e-02 0.000000000000000000e+00 0.000000000000000000e+00 2.176000118255615179e-02 4.396289062500000067e-01 9.267948150634766069e-01 nan
nan nan nan nan nan nan nan nan nan nan nan nan nan nan nan nan nan nan nan nan 9.202666878700256625e-03 nan nan 0.000000000000000000e+00 0.000000000000000000e+00 1.550629615783691295e-01 nan nan
