nan nan nan 0.000000000000000000e+00 0.000000000000000000e+00 0.000000000000000000e+00 nan nan nan nan nan nan nan nan nan nan nan nan nan nan nan nan nan nan nan nan nan nan
nan nan 0.000000000000000000e+00 0.000000000000000000e+00 0.000000000000000000e+00 0.000000000000000000e+00 0.000000000000000000e+00 nan nan nan nan nan nan nan nan nan nan nan nan nan nan nan nan nan nan nan nan nan
nan nan 0.000000000000000000e+00 0.000000000000000000e+00 0.000000000000000000e+00 0.000000000000000000e+00 0.000000000000000000e+00 0.000000000000000000e+00 nan nan nan nan nan nan nan nan nan nan nan nan nan nan nan nan nan nan nan nan
nan 0.000000000000000000e+00 0.000000000000000000e+00 0.000000000000000000e+00 0.000000000000000000e+00 0.000000000000000000e+00 0.000000000000000000e+00 0.000000000000000000e+00 0.000000000000000000e+00 nan nan nan nan nan nan nan nan nan nan nan nan nan nan nan nan nan nan nan
0.000000000000000000e+00 0.000000000000000000e+00 0.000000000000000000e+00 0.000000000000000000e+00 0.000000000000000000e+00 0.000000000000000000e+00 0.000000000000000000e+00 0.000000000000000000e+00 0.000000000000000000e+00 7.918518781661987131e-04 nan nan nan nan nan nan nan nan nan nan nan nan nan nan nan nan nan nan
0.000000000000000000e+00 0.000000000000000000e+00 0.000000000000000000e+00 0.000000000000000000e+00 0.000000000000000000e+00 0.000000000000000000e+00 0.000000000000000000e+00 0.000000000000000000e+00 0.000000000000000000e+00 2.899999916553497488e-03 nan nan nan nan nan nan nan nan nan nan nan nan nan nan nan nan nan nan
0.000000000000000000e+00 0.000000000000000000e+00 0.000000000000000000e+00 0.000000000000000000e+00 0.000000000000000000e+00 0.000000000000000000e+00 0.000000000000000000e+00 0.000000000000000000e+00 0.000000000000000000e+00 nan nan nan nan nan nan nan nan nan nan nan nan nan nan nan nan nan nan nan
0.000000000000000000e+00 0.000000000000000000e+00 0.000000000000000000e+00 0.000000000000000000e+00 0.000000000000000000e+00 0.000000000000000000e+00 0.000000000000000000e+00 0.000000000000000000e+00 0.000000000000000000e+00 nan nan nan nan nan nan nan nan nan nan nan nan nan nan nan nan nan nan nan
nan 0.000000000000000000e+00 0.000000000000000000e+00 0.000000000000000000e+00 0.000000000000000000e+00 0.000000000000000000e+00 0.000000000000000000e+00 0.000000000000000000e+00 0.000000000000000000e+00 5.375238060951232841e-03 nan nan nan nan nan nan nan nan nan nan nan nan nan nan nan nan nan nan
nan 0.000000000000000000e+00 0.000000000000000000e+00 0.000000000000000000e+00 0.000000000000000000e+00 0.000000000000000000e+00 0.000000000000000000e+00 0.000000000000000000e+00 0.000000000000000000e+00 3.719629526138305831e-02 nan nan nan nan nan nan nan nan nan nan nan nan nan nan nan nan nan nan
nan 0.000000000000000000e+00 0.000000000000000000e+00 0.000000000000000000e+00 0.000000000000000000e+00 0.000000000000000000e+00 0.000000000000000000e+00 0.000000000000000000e+00 3.278518617153167777e-03 1.201666641235351607e-01 nan nan nan nan nan nan nan nan nan nan nan nan nan nan nan nan nan nan
nan nan 0.000000000000000000e+00 0.000000000000000000e+00 0.000000000000000000e+00 0.000000000000000000e+00 0.000000000000000000e+00 1.143703684210777265e-03 9.399703979492186889e-02 5.217599868774414062e-01 nan nan nan nan nan nan nan nan nan nan nan nan nan nan nan nan nan nan
nan nan 0.000000000000000000e+00 0.000000000000000000e+00 6.093333363533019915e-03 1.796266674995422238e-02 0.000000000000000000e+00 1.118518486618995736e-03 1.771800041198730580e-01 6.349616622924805220e-01 nan nan nan nan nan nan nan nan nan nan nan nan nan nan nan nan nan nan
nan nan nan nan nan nan 0.000000000000000000e+00 0.000000000000000000e+00 1.113822269439697227e-01 6.505258178710937589e-01 nan nan nan nan nan nan nan nan nan nan nan nan nan nan nan nan nan nan
nan nan nan nan nan 1.082740783691406306e-02 0.000000000000000000e+00 0.000000000000000000e+00 4.025036811828613253e-02 5.101844406127929998e-01 7.873133087158202814e-01 nan nan nan nan nan nan nan nan nan nan nan nan nan nan nan nan nan
nan nan nan nan nan 0.000000000000000000e+00 0.000000000000000000e+00 0.000000000000000000e+00 1.625925898551940823e-03 2.875355529785156294e-01 6.371580886840820801e-01 nan nan nan nan nan nan nan nan nan nan nan nan nan nan nan nan nan
nan nan nan nan nan 0.000000000000000000e+00 0.000000000000000000e+00 0.000000000000000000e+00 0.000000000000000000e+00 3.538222312927245816e-02 4.984940719604492032e-01 7.837238311767578125e-01 8.354799652099609286e-01 9.232533264160156516e-01 nan 8.957633209228516025e-01 nan nan nan nan nan nan nan nan nan nan nan nan
nan nan nan nan 0.000000000000000000e+00 0.000000000000000000e+00 0.000000000000000000e+00 0.000000000000000000e+00 0.000000000000000000e+00 0.000000000000000000e+00 1.360948181152343839e-01 4.916873931884765403e-01 7.212488555908203036e-01 8.358044433593749822e-01 8.895908355712890403e-01 nan nan nan nan nan nan nan nan nan nan nan nan nan
nan nan nan nan nan 0.000000000000000000e+00 0.000000000000000000e+00 0.000000000000000000e+00 0.000000000000000000e+00 0.000000000000000000e+00 0.000000000000000000e+00 1.077444458007812550e-01 4.281948089599609264e-01 6.976533508300781783e-01 7.768770599365234508e-01 8.253289031982421475e-01 nan nan nan nan nan nan nan nan nan nan nan nan
nan nan nan nan nan nan 0.000000000000000000e+00 0.000000000000000000e+00 0.000000000000000000e+00 0.000000000000000000e+00 0.000000000000000000e+00 0.000000000000000000e+00 3.787777662277221763e-02 3.616022109985351785e-01 6.593874359130859064e-01 7.548348236083984863e-01 8.409044647216796786e-01 8.881422424316406383e-01 9.266373443603516113e-01 nan nan nan nan nan nan nan nan nan
nan nan nan nan nan nan nan 0.000000000000000000e+00 0.000000000000000000e+00 0.000000000000000000e+00 0.000000000000000000e+00 0.000000000000000000e+00 0.000000000000000000e+00 1.987777829170227217e-02 2.690592575073242343e-01 7.314518737792968794e-01 8.289451599121093750e-01 8.734785461425781383e-01 9.188355255126953169e-01 8.822000122070312589e-01 9.715133666992187278e-01 9.732700347900390403e-01 nan nan nan nan nan nan
nan nan nan nan nan nan nan 0.000000000000000000e+00 0.000000000000000000e+00 0.000000000000000000e+00 0.000000000000000000e+00 0.000000000000000000e+00 0.000000000000000000e+00 0.000000000000000000e+00 8.863703608512877793e-03 4.217237091064452992e-01 7.996926116943359197e-01 8.643081665039062944e-01 8.871037292480469238e-01 9.044014739990234863e-01 9.244666290283203303e-01 9.429007720947265581e-01 9.346991729736328081e-01 9.009799957275390625e-01 nan nan nan nan
nan nan nan nan nan nan nan nan 0.000000000000000000e+00 0.000000000000000000e+00 0.000000000000000000e+00 0.000000000000000000e+00 0.000000000000000000e+00 0.000000000000000000e+00 0.000000000000000000e+00 7.489629745483399048e-02 6.513200378417969283e-01 8.541510772705077637e-01 8.753133392333984908e-01 8.943881225585937900e-01 8.997563171386718794e-01 9.231710815429687855e-01 9.142622375488280717e-01 9.074114227294921564e-01 nan 9.635923767089843439e-01 9.317266845703124911e-01 nan
nan nan nan nan nan nan nan nan nan 0.000000000000000000e+00 0.000000000000000000e+00 0.000000000000000000e+00 0.000000000000000000e+00 0.000000000000000000e+00 0.000000000000000000e+00 0.000000000000000000e+00 2.082200050354003906e-01 6.255170440673828436e-01 8.690837097167968262e-01 8.837444305419921431e-01 8.777807617187499689e-01 9.021910858154297275e-01 8.991266632080078258e-01 8.991748046874999956e-01 8.194276428222656561e-01 9.232808685302734686e-01 9.639199829101562367e-01 nan
nan nan nan nan nan nan nan nan nan nan 0.000000000000000000e+00 0.000000000000000000e+00 0.000000000000000000e+00 0.000000000000000000e+00 0.000000000000000000e+00 0.000000000000000000e+00 3.131851851940154873e-03 2.206488800048828081e-01 6.831096649169922097e-01 8.134659576416015669e-01 8.558503723144531561e-01 8.714533233642578480e-01 9.115162658691405850e-01 9.040844726562500266e-01 9.093962860107421831e-01 9.384170532226562278e-01 9.463970184326171431e-01 nan
nan nan nan nan nan nan nan nan nan nan nan nan 0.000000000000000000e+00 0.000000000000000000e+00 0.000000000000000000e+00 0.000000000000000000e+00 0.000000000000000000e+00 2.051259279251098702e-02 1.841162872314453247e-01 5.000688934326171786e-01 7.106518554687499822e-01 8.335481262207031783e-01 8.855466461181640270e-01 9.002851867675780717e-01 9.084607696533203436e-01 9.253696441650390847e-01 9.254044342041015669e-01 nan
nan nan nan nan nan nan nan nan nan nan nan nan nan 0.000000000000000000e+00 0.000000000000000000e+00 0.000000000000000000e+00 0.000000000000000000e+00 0.000000000000000000e+00 0.000000000000000000e+00 4.627703666687011524e-02 2.167933273315429676e-01 6.002570343017578081e-01 6.962696075439452903e-01 8.535133361816406028e-01 9.172066497802734419e-01 9.407726287841796653e-01 9.427422332763671919e-01 nan
nan nan nan nan nan nan nan nan nan nan nan nan nan nan nan 0.000000000000000000e+00 0.000000000000000000e+00 0.000000000000000000e+00 0.000000000000000000e+00 0.000000000000000000e+00 5.589629411697387591e-03 1.097451877593994124e-01 2.126133346557617099e-01 7.225563049316405806e-01 9.181207275390624867e-01 9.290785217285155717e-01 9.472503662109375000e-01 nan
nan nan nan nan nan nan nan nan nan nan nan nan nan nan nan nan nan 0.000000000000000000e+00 0.000000000000000000e+00 0.000000000000000000e+00 0.000000000000000000e+00 1.162083387374877874e-02 5.702000141143798856e-02 5.729496383666992099e-01 8.747148132324218395e-01 9.308318328857422275e-01 9.348222351074219061e-01 nan
nan nan nan nan nan nan nan nan nan nan nan nan nan nan nan nan nan nan nan nan 3.664000034332275113e-02 nan nan 2.455014801025390547e-01 6.525251770019531161e-01 9.226644134521484464e-01 nan nan
