nan nan nan 0.000000000000000000e+00 0.000000000000000000e+00 0.000000000000000000e+00 nan nan nan nan nan nan nan nan nan nan nan nan nan nan nan nan nan nan nan nan nan nan
nan nan 0.000000000000000000e+00 0.000000000000000000e+00 0.000000000000000000e+00 0.000000000000000000e+00 0.000000000000000000e+00 nan nan nan nan nan nan nan nan nan nan nan nan nan nan nan nan nan nan nan nan nan
nan nan 0.000000000000000000e+00 0.000000000000000000e+00 0.000000000000000000e+00 0.000000000000000000e+00 0.000000000000000000e+00 0.000000000000000000e+00 nan nan nan nan nan nan nan nan nan nan nan nan nan nan nan nan nan nan nan nan
nan 0.000000000000000000e+00 0.000000000000000000e+00 0.000000000000000000e+00 0.000000000000000000e+00 0.000000000000000000e+00 0.000000000000000000e+00 2.094814777374267786e-03 7.859259098768234426e-04 nan nan nan nan nan nan nan nan nan nan nan nan nan nan nan nan nan nan nan
0.000000000000000000e+00 0.000000000000000000e+00 0.000000000000000000e+00 0.000000000000000000e+00 0.000000000000000000e+00 0.000000000000000000e+00 0.000000000000000000e+00 4.558518528938293457e-03 8.690370321273803780e-03 1.005829620361328169e-01 nan nan nan nan nan nan nan nan nan nan nan nan nan nan nan nan nan nan
0.000000000000000000e+00 0.000000000000000000e+00 0.000000000000000000e+00 0.000000000000000000e+00 0.000000000000000000e+00 0.000000000000000000e+00 0.000000000000000000e+00 5.968148112297058314e-03 5.159555435180664118e-02 1.469786643981933483e-01 nan nan nan nan nan nan nan nan nan nan nan nan nan nan nan nan nan nan
0.000000000000000000e+00 0.000000000000000000e+00 0.000000000000000000e+00 0.000000000000000000e+00 0.000000000000000000e+00 0.000000000000000000e+00 0.000000000000000000e+00 2.557777762413024868e-03 1.511244487762451183e-01 nan nan nan nan nan nan nan nan nan nan nan nan nan nan nan nan nan nan nan
0.000000000000000000e+00 0.000000000000000000e+00 0.000000000000000000e+00 0.000000000000000000e+00 0.000000000000000000e+00 0.000000000000000000e+00 0.000000000000000000e+00 0.000000000000000000e+00 1.098999977111816406e-01 nan nan nan nan nan nan nan nan nan nan nan nan nan nan nan nan nan nan nan
nan 0.000000000000000000e+00 0.000000000000000000e+00 0.000000000000000000e+00 0.000000000000000000e+00 0.000000000000000000e+00 0.000000000000000000e+00 0.000000000000000000e+00 8.051333427429199774e-02 4.718209457397460893e-01 nan nan nan nan nan nan nan nan nan nan nan nan nan nan nan nan nan nan
nan 0.000000000000000000e+00 0.000000000000000000e+00 0.000000000000000000e+00 0.000000000000000000e+00 0.000000000000000000e+00 0.000000000000000000e+00 0.000000000000000000e+00 6.008888721466064398e-02 5.931674194335937456e-01 nan nan nan nan nan nan nan nan nan nan nan nan nan nan nan nan nan nan
nan 0.000000000000000000e+00 0.000000000000000000e+00 0.000000000000000000e+00 0.000000000000000000e+00 0.000000000000000000e+00 0.000000000000000000e+00 8.918518573045730721e-04 1.258377742767333995e-01 6.242103576660156250e-01 nan nan nan nan nan nan nan nan nan nan nan nan nan nan nan nan nan nan
nan nan 0.000000000000000000e+00 0.000000000000000000e+00 0.000000000000000000e+00 0.000000000000000000e+00 0.000000000000000000e+00 1.095036983489990241e-02 3.485896301269530984e-01 8.036666870117187278e-01 nan nan nan nan nan nan nan nan nan nan nan nan nan nan nan nan nan nan
nan nan 0.000000000000000000e+00 0.000000000000000000e+00 5.745555758476256908e-03 2.503999948501586803e-02 0.000000000000000000e+00 2.021851778030395522e-02 4.206792449951171631e-01 8.381483459472656161e-01 nan nan nan nan nan nan nan nan nan nan nan nan nan nan nan nan nan nan
nan nan nan nan nan nan 0.000000000000000000e+00 4.757037162780761511e-03 2.958266639709472567e-01 7.856666564941405806e-01 nan nan nan nan nan nan nan nan nan nan nan nan nan nan nan nan nan nan
nan nan nan nan nan 1.165333390235900879e-02 0.000000000000000000e+00 0.000000000000000000e+00 1.088451862335205050e-01 6.154681396484374956e-01 8.024800109863281516e-01 nan nan nan nan nan nan nan nan nan nan nan nan nan nan nan nan nan
nan nan nan nan nan 0.000000000000000000e+00 0.000000000000000000e+00 0.000000000000000000e+00 1.865037083625793388e-02 3.834851837158202992e-01 7.542933654785156650e-01 nan nan nan nan nan nan nan nan nan nan nan nan nan nan nan nan nan
nan nan nan nan nan 0.000000000000000000e+00 0.000000000000000000e+00 0.000000000000000000e+00 0.000000000000000000e+00 5.271777629852295033e-02 5.558089065551757857e-01 7.666352081298828391e-01 8.858786773681640581e-01 9.334413146972656561e-01 nan 9.891500091552734020e-01 nan nan nan nan nan nan nan nan nan nan nan nan
nan nan nan nan 0.000000000000000000e+00 0.000000000000000000e+00 0.000000000000000000e+00 0.000000000000000000e+00 0.000000000000000000e+00 0.000000000000000000e+00 1.058177757263183555e-01 3.555651855468749956e-01 6.958000183105468306e-01 8.677118682861327814e-01 8.988475036621094150e-01 nan nan nan nan nan nan nan nan nan nan nan nan nan
nan nan nan nan nan 0.000000000000000000e+00 0.000000000000000000e+00 0.000000000000000000e+00 0.000000000000000000e+00 0.000000000000000000e+00 0.000000000000000000e+00 1.980666637420654130e-02 2.417718505859375033e-01 6.602236938476562234e-01 8.151333618164062766e-01 8.395410919189453258e-01 nan nan nan nan nan nan nan nan nan nan nan nan
nan nan nan nan nan nan 0.000000000000000000e+00 0.000000000000000000e+00 0.000000000000000000e+00 0.000000000000000000e+00 0.000000000000000000e+00 0.000000000000000000e+00 0.000000000000000000e+00 1.974533271789550848e-01 5.732962799072265359e-01 8.067118835449218484e-01 8.322489166259765536e-01 8.451955413818359464e-01 9.069799804687499467e-01 nan nan nan nan nan nan nan nan nan
nan nan nan nan nan nan nan 0.000000000000000000e+00 0.000000000000000000e+00 0.000000000000000000e+00 0.000000000000000000e+00 0.000000000000000000e+00 0.000000000000000000e+00 0.000000000000000000e+00 1.266251850128173873e-01 5.823318481445312056e-01 8.488740539550780895e-01 8.941452026367187056e-01 9.491452026367187544e-01 9.261433410644531738e-01 9.820822143554687189e-01 9.886450195312499467e-01 nan nan nan nan nan nan
nan nan nan nan nan nan nan 0.000000000000000000e+00 0.000000000000000000e+00 0.000000000000000000e+00 0.000000000000000000e+00 0.000000000000000000e+00 0.000000000000000000e+00 0.000000000000000000e+00 1.710370332002639692e-03 1.933785247802734253e-01 6.485948181152343395e-01 8.529451751708984064e-01 9.019785308837890980e-01 9.358785247802734464e-01 9.572518157958984641e-01 9.708133697509765403e-01 9.759091949462890270e-01 9.052200317382812500e-01 nan nan nan nan
nan nan nan nan nan nan nan nan 0.000000000000000000e+00 0.000000000000000000e+00 0.000000000000000000e+00 0.000000000000000000e+00 0.000000000000000000e+00 0.000000000000000000e+00 0.000000000000000000e+00 2.614814758300781222e-02 3.592140579223632724e-01 7.319096374511718794e-01 8.851896667480468883e-01 9.365777587890624645e-01 9.109718322753905806e-01 9.264444732666015092e-01 9.570466613769531561e-01 9.337971496582031516e-01 nan 9.650580596923827859e-01 9.114724731445312811e-01 nan
nan nan nan nan nan nan nan nan nan 0.000000000000000000e+00 0.000000000000000000e+00 0.000000000000000000e+00 0.000000000000000000e+00 0.000000000000000000e+00 0.000000000000000000e+00 0.000000000000000000e+00 7.178888797760009377e-02 4.355177688598632635e-01 7.884873962402343395e-01 9.234896087646484730e-01 9.237466430664063033e-01 9.105970001220703436e-01 8.971407318115234286e-01 8.690896606445313033e-01 7.617523956298828391e-01 8.611408233642577903e-01 9.184296417236328391e-01 nan
nan nan nan nan nan nan nan nan nan nan 0.000000000000000000e+00 0.000000000000000000e+00 0.000000000000000000e+00 0.000000000000000000e+00 0.000000000000000000e+00 0.000000000000000000e+00 0.000000000000000000e+00 1.103222179412841758e-01 4.606703567504882857e-01 6.602274322509765758e-01 8.261429595947266113e-01 8.832570648193359686e-01 8.770540618896484064e-01 8.787029266357422319e-01 8.513963317871093839e-01 8.712444305419921875e-01 8.835103607177734464e-01 nan
nan nan nan nan nan nan nan nan nan nan nan nan 0.000000000000000000e+00 0.000000000000000000e+00 0.000000000000000000e+00 0.000000000000000000e+00 0.000000000000000000e+00 0.000000000000000000e+00 2.293777704238891477e-02 1.294503688812255748e-01 3.789585113525390514e-01 6.669651794433594238e-01 8.311563110351563033e-01 8.556303405761718217e-01 8.721295928955078436e-01 8.753141021728515492e-01 8.698815155029296919e-01 nan
nan nan nan nan nan nan nan nan nan nan nan nan nan 0.000000000000000000e+00 0.000000000000000000e+00 0.000000000000000000e+00 0.000000000000000000e+00 0.000000000000000000e+00 0.000000000000000000e+00 0.000000000000000000e+00 1.268000006675720250e-02 1.778518486022949152e-01 4.640577697753906494e-01 7.329259490966797408e-01 8.929970550537109641e-01 9.002866363525390270e-01 9.077785491943359819e-01 nan
nan nan nan nan nan nan nan nan nan nan nan nan nan nan nan 0.000000000000000000e+00 0.000000000000000000e+00 0.000000000000000000e+00 0.000000000000000000e+00 0.000000000000000000e+00 0.000000000000000000e+00 0.000000000000000000e+00 8.555926322937011663e-02 4.685800170898437589e-01 8.763340759277343794e-01 8.908999633789062012e-01 8.871800231933594238e-01 nan
nan nan nan nan nan nan nan nan nan nan nan nan nan nan nan nan nan 0.000000000000000000e+00 0.000000000000000000e+00 0.000000000000000000e+00 0.000000000000000000e+00 1.179499983787536677e-02 6.683333218097686247e-04 1.702511024475097667e-01 6.300777816772460405e-01 8.734622192382812678e-01 8.803570556640625266e-01 nan
nan nan nan nan nan nan nan nan nan nan nan nan nan nan nan nan nan nan nan nan 1.237333297729492111e-02 nan nan 7.239999771118163681e-03 1.853222274780273460e-01 7.829170227050781250e-01 nan nan
