nan nan nan 0.000000000000000000e+00 0.000000000000000000e+00 0.000000000000000000e+00 nan nan nan nan nan nan nan nan nan nan nan nan nan nan nan nan nan nan nan nan nan nan
nan nan 0.000000000000000000e+00 0.000000000000000000e+00 0.000000000000000000e+00 0.000000000000000000e+00 8.600000292062759399e-04 nan nan nan nan nan nan nan nan nan nan nan nan nan nan nan nan nan nan nan nan nan
nan nan 0.000000000000000000e+00 0.000000000000000000e+00 0.000000000000000000e+00 0.000000000000000000e+00 0.000000000000000000e+00 7.994518756866454690e-02 nan nan nan nan nan nan nan nan nan nan nan nan nan nan nan nan nan nan nan nan
nan 0.000000000000000000e+00 0.000000000000000000e+00 0.000000000000000000e+00 0.000000000000000000e+00 0.000000000000000000e+00 0.000000000000000000e+00 1.209185242652893039e-02 4.051533508300781405e-01 nan nan nan nan nan nan nan nan nan nan nan nan nan nan nan nan nan nan nan
0.000000000000000000e+00 0.000000000000000000e+00 0.000000000000000000e+00 0.000000000000000000e+00 0.000000000000000000e+00 0.000000000000000000e+00 0.000000000000000000e+00 0.000000000000000000e+00 2.420903778076171908e-01 8.401792907714843439e-01 nan nan nan nan nan nan nan nan nan nan nan nan nan nan nan nan nan nan
0.000000000000000000e+00 0.000000000000000000e+00 0.000000000000000000e+00 0.000000000000000000e+00 0.000000000000000000e+00 0.000000000000000000e+00 0.000000000000000000e+00 0.000000000000000000e+00 2.766659164428710849e-01 7.797706604003906694e-01 nan nan nan nan nan nan nan nan nan nan nan nan nan nan nan nan nan nan
0.000000000000000000e+00 0.000000000000000000e+00 0.000000000000000000e+00 0.000000000000000000e+00 0.000000000000000000e+00 0.000000000000000000e+00 0.000000000000000000e+00 6.891852021217345983e-03 4.594659423828125200e-01 nan nan nan nan nan nan nan nan nan nan nan nan nan nan nan nan nan nan nan
0.000000000000000000e+00 0.000000000000000000e+00 0.000000000000000000e+00 0.000000000000000000e+00 0.000000000000000000e+00 0.000000000000000000e+00 0.000000000000000000e+00 2.016074180603027316e-02 4.843674087524413863e-01 nan nan nan nan nan nan nan nan nan nan nan nan nan nan nan nan nan nan nan
nan 0.000000000000000000e+00 0.000000000000000000e+00 0.000000000000000000e+00 0.000000000000000000e+00 0.000000000000000000e+00 0.000000000000000000e+00 3.048222303390503082e-02 5.753333282470702859e-01 9.780952453613280806e-01 nan nan nan nan nan nan nan nan nan nan nan nan nan nan nan nan nan nan
nan 0.000000000000000000e+00 0.000000000000000000e+00 0.000000000000000000e+00 0.000000000000000000e+00 0.000000000000000000e+00 0.000000000000000000e+00 4.174073934555053503e-03 3.164059257507323975e-01 9.232051849365234819e-01 nan nan nan nan nan nan nan nan nan nan nan nan nan nan nan nan nan nan
nan 0.000000000000000000e+00 0.000000000000000000e+00 0.000000000000000000e+00 0.000000000000000000e+00 0.000000000000000000e+00 0.000000000000000000e+00 0.000000000000000000e+00 1.687333297729492199e-01 8.486207580566406117e-01 nan nan nan nan nan nan nan nan nan nan nan nan nan nan nan nan nan nan
nan nan 0.000000000000000000e+00 0.000000000000000000e+00 0.000000000000000000e+00 0.000000000000000000e+00 0.000000000000000000e+00 8.311111479997635321e-04 2.340266609191894442e-01 9.289852142333984153e-01 nan nan nan nan nan nan nan nan nan nan nan nan nan nan nan nan nan nan
nan nan 0.000000000000000000e+00 0.000000000000000000e+00 0.000000000000000000e+00 2.413066625595092912e-02 0.000000000000000000e+00 0.000000000000000000e+00 1.849725914001464910e-01 8.266183471679687811e-01 nan nan nan nan nan nan nan nan nan nan nan nan nan nan nan nan nan nan
nan nan nan nan nan nan 0.000000000000000000e+00 0.000000000000000000e+00 6.896148204803466408e-02 7.187825012207030850e-01 nan nan nan nan nan nan nan nan nan nan nan nan nan nan nan nan nan nan
nan nan nan nan nan 8.831852078437806008e-03 0.000000000000000000e+00 0.000000000000000000e+00 2.699111223220825029e-02 5.951985168457031294e-01 9.273266601562499822e-01 nan nan nan nan nan nan nan nan nan nan nan nan nan nan nan nan nan
nan nan nan nan nan 0.000000000000000000e+00 0.000000000000000000e+00 0.000000000000000000e+00 0.000000000000000000e+00 2.702377700805664307e-01 6.916533660888671831e-01 nan nan nan nan nan nan nan nan nan nan nan nan nan nan nan nan nan
nan nan nan nan nan 0.000000000000000000e+00 0.000000000000000000e+00 0.000000000000000000e+00 0.000000000000000000e+00 1.202518463134765597e-02 2.344718551635742165e-01 4.560818862915039240e-01 7.819613647460937900e-01 9.524160003662109908e-01 nan 9.929866790771484375e-01 nan nan nan nan nan nan nan nan nan nan nan nan
nan nan nan nan 0.000000000000000000e+00 0.000000000000000000e+00 0.000000000000000000e+00 0.000000000000000000e+00 0.000000000000000000e+00 0.000000000000000000e+00 6.700740456581115966e-03 1.315518474578857289e-01 5.291703796386718617e-01 8.744236755371094238e-01 9.263683319091796653e-01 nan nan nan nan nan nan nan nan nan nan nan nan nan
nan nan nan nan nan 0.000000000000000000e+00 0.000000000000000000e+00 0.000000000000000000e+00 0.000000000000000000e+00 0.000000000000000000e+00 0.000000000000000000e+00 1.119259223341941781e-03 1.603363037109374889e-01 6.384614944458008035e-01 8.562229919433593794e-01 8.678600311279296431e-01 nan nan nan nan nan nan nan nan nan nan nan nan
nan nan nan nan nan nan 0.000000000000000000e+00 0.000000000000000000e+00 0.000000000000000000e+00 0.000000000000000000e+00 0.000000000000000000e+00 0.000000000000000000e+00 0.000000000000000000e+00 2.664399909973144687e-01 6.634340667724609730e-01 8.396163177490234553e-01 8.713899993896484508e-01 9.322977447509765980e-01 9.571520233154297008e-01 nan nan nan nan nan nan nan nan nan
nan nan nan nan nan nan nan 0.000000000000000000e+00 0.000000000000000000e+00 0.000000000000000000e+00 0.000000000000000000e+00 0.000000000000000000e+00 0.000000000000000000e+00 1.142296314239501891e-02 2.495548057556152277e-01 6.494577789306640314e-01 8.576399993896484109e-01 9.047570037841796697e-01 9.504177856445312766e-01 9.378932952880859597e-01 9.169078063964843928e-01 9.228199768066406294e-01 nan nan nan nan nan nan
nan nan nan nan nan nan nan 0.000000000000000000e+00 0.000000000000000000e+00 0.000000000000000000e+00 0.000000000000000000e+00 0.000000000000000000e+00 0.000000000000000000e+00 0.000000000000000000e+00 1.466148138046264628e-02 2.656185150146484486e-01 6.770785522460937012e-01 9.016815185546874778e-01 9.322681427001953125e-01 9.494385528564452947e-01 9.498873901367187456e-01 9.669118499755859908e-01 9.505442047119140314e-01 9.132466888427734908e-01 nan nan nan nan
nan nan nan nan nan nan nan nan 0.000000000000000000e+00 0.000000000000000000e+00 0.000000000000000000e+00 0.000000000000000000e+00 0.000000000000000000e+00 0.000000000000000000e+00 0.000000000000000000e+00 4.568222045898437389e-02 4.489592742919921720e-01 8.958911132812500400e-01 8.885370635986328258e-01 9.340385437011718972e-01 9.400792694091797408e-01 9.301162719726562278e-01 9.709140777587890181e-01 9.624199676513671697e-01 nan 9.740799713134765669e-01 9.150316619873046786e-01 nan
nan nan nan nan nan nan nan nan nan 0.000000000000000000e+00 0.000000000000000000e+00 0.000000000000000000e+00 0.000000000000000000e+00 0.000000000000000000e+00 0.000000000000000000e+00 0.000000000000000000e+00 1.176096248626709029e-01 7.481251525878905850e-01 9.153096008300781738e-01 8.685666656494140936e-01 9.297000122070312456e-01 9.509496307373046520e-01 9.580281829833984242e-01 9.424111175537109863e-01 8.286962127685546520e-01 9.415975189208984908e-01 9.705585479736328347e-01 nan
nan nan nan nan nan nan nan nan nan nan 0.000000000000000000e+00 0.000000000000000000e+00 0.000000000000000000e+00 0.000000000000000000e+00 0.000000000000000000e+00 0.000000000000000000e+00 2.342222183942794730e-03 2.865414810180664240e-01 7.326703643798828658e-01 8.075199890136718350e-01 8.644977569580077903e-01 9.356622314453124645e-01 9.532622528076172275e-01 9.349385070800780850e-01 9.432984924316406561e-01 9.754421997070312766e-01 9.646399688720702637e-01 nan
nan nan nan nan nan nan nan nan nan nan nan nan 0.000000000000000000e+00 0.000000000000000000e+00 0.000000000000000000e+00 0.000000000000000000e+00 0.000000000000000000e+00 9.706666469573974401e-03 2.171674156188964921e-01 5.382503890991210405e-01 6.357147979736328391e-01 8.062178039550781383e-01 9.091103363037109641e-01 9.414651489257812589e-01 9.629599761962890359e-01 9.571866607666015270e-01 9.510518646240234686e-01 nan
nan nan nan nan nan nan nan nan nan nan nan nan nan 0.000000000000000000e+00 0.000000000000000000e+00 0.000000000000000000e+00 0.000000000000000000e+00 0.000000000000000000e+00 1.739259213209152317e-03 1.099133300781249961e-01 2.079296302795410056e-01 5.546170425415039018e-01 7.626711273193359508e-01 8.351399993896484464e-01 9.365296173095702947e-01 9.477281188964843395e-01 9.508541107177734819e-01 nan
nan nan nan nan nan nan nan nan nan nan nan nan nan nan nan 0.000000000000000000e+00 0.000000000000000000e+00 0.000000000000000000e+00 0.000000000000000000e+00 0.000000000000000000e+00 0.000000000000000000e+00 1.251948165893554676e-01 2.696577835083007746e-01 5.726955413818359819e-01 9.269563293457031561e-01 9.339133453369140581e-01 9.516592407226562855e-01 nan
nan nan nan nan nan nan nan nan nan nan nan nan nan nan nan nan nan 0.000000000000000000e+00 0.000000000000000000e+00 0.000000000000000000e+00 0.000000000000000000e+00 1.482916712760925376e-02 2.041666656732559100e-03 3.290637207031250067e-01 7.432614898681640936e-01 9.141688537597656428e-01 9.356770324707031072e-01 nan
nan nan nan nan nan nan nan nan nan nan nan nan nan nan nan nan nan nan nan nan 4.638933181762695118e-02 nan nan 2.875999927520751787e-02 2.710237121582031450e-01 7.519096374511718972e-01 nan nan
