nan nan nan 0.000000000000000000e+00 0.000000000000000000e+00 0.000000000000000000e+00 nan nan nan nan nan nan nan nan nan nan nan nan nan nan nan nan nan nan nan nan nan nan
nan nan 0.000000000000000000e+00 0.000000000000000000e+00 0.000000000000000000e+00 0.000000000000000000e+00 0.000000000000000000e+00 nan nan nan nan nan nan nan nan nan nan nan nan nan nan nan nan nan nan nan nan nan
nan nan 0.000000000000000000e+00 0.000000000000000000e+00 0.000000000000000000e+00 0.000000000000000000e+00 0.000000000000000000e+00 6.205925941467285017e-02 nan nan nan nan nan nan nan nan nan nan nan nan nan nan nan nan nan nan nan nan
nan 0.000000000000000000e+00 0.000000000000000000e+00 0.000000000000000000e+00 0.000000000000000000e+00 0.000000000000000000e+00 0.000000000000000000e+00 3.810370266437530448e-03 2.764222145080566517e-01 nan nan nan nan nan nan nan nan nan nan nan nan nan nan nan nan nan nan nan
0.000000000000000000e+00 0.000000000000000000e+00 0.000000000000000000e+00 0.000000000000000000e+00 0.000000000000000000e+00 0.000000000000000000e+00 0.000000000000000000e+00 0.000000000000000000e+00 1.569940757751464855e-01 6.595874023437500178e-01 nan nan nan nan nan nan nan nan nan nan nan nan nan nan nan nan nan nan
0.000000000000000000e+00 0.000000000000000000e+00 0.000000000000000000e+00 0.000000000000000000e+00 0.000000000000000000e+00 0.000000000000000000e+00 0.000000000000000000e+00 2.489629685878753679e-03 2.596325874328613281e-01 6.782759857177734775e-01 nan nan nan nan nan nan nan nan nan nan nan nan nan nan nan nan nan nan
0.000000000000000000e+00 0.000000000000000000e+00 0.000000000000000000e+00 0.000000000000000000e+00 0.000000000000000000e+00 0.000000000000000000e+00 0.000000000000000000e+00 2.535037040710449302e-02 5.423688888549804688e-01 nan nan nan nan nan nan nan nan nan nan nan nan nan nan nan nan nan nan nan
0.000000000000000000e+00 0.000000000000000000e+00 0.000000000000000000e+00 0.000000000000000000e+00 0.000000000000000000e+00 0.000000000000000000e+00 0.000000000000000000e+00 6.614963054656981811e-02 6.707881164550780762e-01 nan nan nan nan nan nan nan nan nan nan nan nan nan nan nan nan nan nan nan
nan 0.000000000000000000e+00 0.000000000000000000e+00 0.000000000000000000e+00 0.000000000000000000e+00 0.000000000000000000e+00 0.000000000000000000e+00 1.193377780914306602e-01 7.465192413330078436e-01 9.600666809082031294e-01 nan nan nan nan nan nan nan nan nan nan nan nan nan nan nan nan nan nan
nan 0.000000000000000000e+00 0.000000000000000000e+00 0.000000000000000000e+00 0.000000000000000000e+00 0.000000000000000000e+00 0.000000000000000000e+00 2.536666631698608274e-02 4.797444534301757990e-01 9.467237091064453214e-01 nan nan nan nan nan nan nan nan nan nan nan nan nan nan nan nan nan nan
nan 0.000000000000000000e+00 0.000000000000000000e+00 0.000000000000000000e+00 0.000000000000000000e+00 0.000000000000000000e+00 0.000000000000000000e+00 2.535407304763794001e-02 4.262607574462890514e-01 9.248770141601562189e-01 nan nan nan nan nan nan nan nan nan nan nan nan nan nan nan nan nan nan
nan nan 0.000000000000000000e+00 0.000000000000000000e+00 0.000000000000000000e+00 0.000000000000000000e+00 0.000000000000000000e+00 1.101444435119628973e-01 6.770310974121094283e-01 9.619895935058593306e-01 nan nan nan nan nan nan nan nan nan nan nan nan nan nan nan nan nan nan
nan nan 0.000000000000000000e+00 0.000000000000000000e+00 2.096722221374511808e-01 2.141999959945678836e-02 0.000000000000000000e+00 9.053703308105469361e-02 5.598096466064452770e-01 9.083933258056640092e-01 nan nan nan nan nan nan nan nan nan nan nan nan nan nan nan nan nan nan
nan nan nan nan nan nan 0.000000000000000000e+00 2.036000013351440402e-02 2.787688827514648304e-01 8.249483489990234730e-01 nan nan nan nan nan nan nan nan nan nan nan nan nan nan nan nan nan nan
nan nan nan nan nan 8.793333172798156391e-03 0.000000000000000000e+00 9.266666322946548202e-04 9.291851997375488725e-02 7.081185150146483975e-01 9.389600372314452770e-01 nan nan nan nan nan nan nan nan nan nan nan nan nan nan nan nan nan
nan nan nan nan nan 0.000000000000000000e+00 0.000000000000000000e+00 0.000000000000000000e+00 7.769629359245300293e-03 5.282873916625976385e-01 8.874666595458984286e-01 nan nan nan nan nan nan nan nan nan nan nan nan nan nan nan nan nan
nan nan nan nan nan 0.000000000000000000e+00 0.000000000000000000e+00 0.000000000000000000e+00 2.285925894975662440e-03 3.307325744628906161e-01 8.625074005126953658e-01 9.212971496582030850e-01 9.637693023681640492e-01 9.823719787597656738e-01 nan 9.833466339111328613e-01 nan nan nan nan nan nan nan nan nan nan nan nan
nan nan nan nan 0.000000000000000000e+00 0.000000000000000000e+00 0.000000000000000000e+00 0.000000000000000000e+00 0.000000000000000000e+00 6.897777557373047097e-02 4.926059341430664151e-01 7.990229797363280762e-01 9.494755554199219016e-01 9.744673919677734331e-01 9.772924804687499467e-01 nan nan nan nan nan nan nan nan nan nan nan nan nan
nan nan nan nan nan 0.000000000000000000e+00 0.000000000000000000e+00 0.000000000000000000e+00 0.000000000000000000e+00 0.000000000000000000e+00 1.829629659652709864e-02 2.736962890624999867e-01 7.499526214599608887e-01 9.365148162841796520e-01 9.598777770996094194e-01 9.440933227539062278e-01 nan nan nan nan nan nan nan nan nan nan nan nan
nan nan nan nan nan nan 0.000000000000000000e+00 0.000000000000000000e+00 0.000000000000000000e+00 0.000000000000000000e+00 0.000000000000000000e+00 1.285333275794982993e-02 2.824844360351562722e-01 7.319815063476562411e-01 8.798059082031249867e-01 9.066481781005859553e-01 9.035077667236328658e-01 9.246533203125000266e-01 9.790053558349609553e-01 nan nan nan nan nan nan nan nan nan
nan nan nan nan nan nan nan 0.000000000000000000e+00 0.000000000000000000e+00 0.000000000000000000e+00 0.000000000000000000e+00 0.000000000000000000e+00 5.090074062347411943e-02 3.031385231018066673e-01 5.770155715942383301e-01 8.125711059570313033e-01 9.146592712402343839e-01 9.062651824951172275e-01 9.526570129394531516e-01 9.222183227539062500e-01 9.656288909912109641e-01 9.583766937255859819e-01 nan nan nan nan nan nan
nan nan nan nan nan nan nan 0.000000000000000000e+00 0.000000000000000000e+00 0.000000000000000000e+00 0.000000000000000000e+00 0.000000000000000000e+00 0.000000000000000000e+00 1.026592612266540548e-02 8.364889144897461049e-02 3.943192672729491921e-01 8.031918334960937988e-01 9.103681182861328436e-01 9.260399627685547141e-01 9.323592376708984553e-01 9.460881805419921742e-01 9.649459075927734331e-01 9.692275238037109109e-01 9.520800018310546786e-01 nan nan nan nan
nan nan nan nan nan nan nan nan 0.000000000000000000e+00 0.000000000000000000e+00 0.000000000000000000e+00 0.000000000000000000e+00 0.000000000000000000e+00 0.000000000000000000e+00 0.000000000000000000e+00 3.886740684509277372e-02 4.987525939941406250e-01 8.753207397460937012e-01 9.252022552490234419e-01 9.274147796630859419e-01 9.392273712158203391e-01 9.549999999999999600e-01 9.760185241699218528e-01 9.558314514160156650e-01 nan 9.480257415771484730e-01 9.111258697509765359e-01 nan
nan nan nan nan nan nan nan nan nan 0.000000000000000000e+00 0.000000000000000000e+00 0.000000000000000000e+00 0.000000000000000000e+00 0.000000000000000000e+00 0.000000000000000000e+00 0.000000000000000000e+00 7.606666564941405584e-02 5.792481613159179421e-01 9.052925872802733975e-01 9.267103576660156161e-01 9.285037231445312234e-01 9.400770568847656161e-01 9.443473815917968750e-01 9.207407379150390758e-01 8.126504516601562589e-01 9.184825134277343484e-01 9.523822021484374956e-01 nan
nan nan nan nan nan nan nan nan nan nan 0.000000000000000000e+00 0.000000000000000000e+00 0.000000000000000000e+00 0.000000000000000000e+00 0.000000000000000000e+00 0.000000000000000000e+00 7.851851731538772887e-04 1.782385253906250133e-01 6.096222305297851474e-01 7.808799743652343750e-01 8.556021881103516025e-01 8.731874084472656117e-01 9.000259399414062278e-01 9.015903472900390625e-01 9.096185302734375311e-01 9.321503448486327947e-01 9.590607452392577725e-01 nan
nan nan nan nan nan nan nan nan nan nan nan nan 0.000000000000000000e+00 0.000000000000000000e+00 0.000000000000000000e+00 0.000000000000000000e+00 0.000000000000000000e+00 1.012592613697052037e-03 5.241259098052978432e-02 2.103577804565429643e-01 4.447037124633789196e-01 6.692881774902343928e-01 7.851377868652343883e-01 8.685970306396484375e-01 8.914022064208984020e-01 9.052244567871093883e-01 9.166636657714843928e-01 nan
nan nan nan nan nan nan nan nan nan nan nan nan nan 0.000000000000000000e+00 0.000000000000000000e+00 0.000000000000000000e+00 0.000000000000000000e+00 0.000000000000000000e+00 0.000000000000000000e+00 0.000000000000000000e+00 1.705703735351562361e-02 1.805466651916503851e-01 3.500992584228515558e-01 7.026673889160156561e-01 8.768718719482422319e-01 8.950385284423828525e-01 8.966577911376952814e-01 nan
nan nan nan nan nan nan nan nan nan nan nan nan nan nan nan 0.000000000000000000e+00 0.000000000000000000e+00 0.000000000000000000e+00 0.000000000000000000e+00 0.000000000000000000e+00 0.000000000000000000e+00 0.000000000000000000e+00 6.385481357574462891e-02 4.613800048828125000e-01 8.107785034179687544e-01 8.828141021728516113e-01 8.971622467041016069e-01 nan
nan nan nan nan nan nan nan nan nan nan nan nan nan nan nan nan nan 0.000000000000000000e+00 0.000000000000000000e+00 0.000000000000000000e+00 0.000000000000000000e+00 1.338500022888183642e-02 2.274916648864746052e-02 1.750162887573242232e-01 5.103237152099608931e-01 8.599822235107421609e-01 9.186563110351562145e-01 nan
nan nan nan nan nan nan nan nan nan nan nan nan nan nan nan nan nan nan nan nan 3.136666774749755776e-02 nan nan 2.316518545150756878e-02 2.258748054504394476e-01 7.874125671386719150e-01 nan nan
