nan nan nan 0.000000000000000000e+00 0.000000000000000000e+00 0.000000000000000000e+00 nan nan nan nan nan nan nan nan nan nan nan nan nan nan nan nan nan nan nan nan nan nan
nan nan 0.000000000000000000e+00 0.000000000000000000e+00 0.000000000000000000e+00 0.000000000000000000e+00 0.000000000000000000e+00 nan nan nan nan nan nan nan nan nan nan nan nan nan nan nan nan nan nan nan nan nan
nan nan 0.000000000000000000e+00 0.000000000000000000e+00 0.000000000000000000e+00 0.000000000000000000e+00 0.000000000000000000e+00 3.789523809523809295e-02 nan nan nan nan nan nan nan nan nan nan nan nan nan nan nan nan nan nan nan nan
nan 0.000000000000000000e+00 0.000000000000000000e+00 0.000000000000000000e+00 0.000000000000000000e+00 0.000000000000000000e+00 0.000000000000000000e+00 1.071269841269841330e-02 3.376047619047619075e-01 nan nan nan nan nan nan nan nan nan nan nan nan nan nan nan nan nan nan nan
0.000000000000000000e+00 0.000000000000000000e+00 0.000000000000000000e+00 0.000000000000000000e+00 0.000000000000000000e+00 0.000000000000000000e+00 0.000000000000000000e+00 0.000000000000000000e+00 2.193571428571428616e-01 6.271809523809522835e-01 nan nan nan nan nan nan nan nan nan nan nan nan nan nan nan nan nan nan
0.000000000000000000e+00 0.000000000000000000e+00 0.000000000000000000e+00 0.000000000000000000e+00 0.000000000000000000e+00 0.000000000000000000e+00 0.000000000000000000e+00 0.000000000000000000e+00 2.478365079365079382e-01 6.566628571428572148e-01 nan nan nan nan nan nan nan nan nan nan nan nan nan nan nan nan nan nan
0.000000000000000000e+00 0.000000000000000000e+00 0.000000000000000000e+00 0.000000000000000000e+00 0.000000000000000000e+00 0.000000000000000000e+00 0.000000000000000000e+00 1.818095238095238098e-02 3.824380952380951881e-01 nan nan nan nan nan nan nan nan nan nan nan nan nan nan nan nan nan nan nan
0.000000000000000000e+00 0.000000000000000000e+00 0.000000000000000000e+00 0.000000000000000000e+00 0.000000000000000000e+00 0.000000000000000000e+00 0.000000000000000000e+00 4.590476190476190828e-03 3.595650793650794208e-01 nan nan nan nan nan nan nan nan nan nan nan nan nan nan nan nan nan nan nan
nan 0.000000000000000000e+00 0.000000000000000000e+00 0.000000000000000000e+00 0.000000000000000000e+00 0.000000000000000000e+00 0.000000000000000000e+00 3.297777777777777947e-02 4.835142857142857298e-01 7.516346938775509967e-01 nan nan nan nan nan nan nan nan nan nan nan nan nan nan nan nan nan nan
nan 0.000000000000000000e+00 0.000000000000000000e+00 0.000000000000000000e+00 0.000000000000000000e+00 0.000000000000000000e+00 0.000000000000000000e+00 0.000000000000000000e+00 2.384253968253967904e-01 7.162698412698413897e-01 nan nan nan nan nan nan nan nan nan nan nan nan nan nan nan nan nan nan
nan 0.000000000000000000e+00 0.000000000000000000e+00 0.000000000000000000e+00 0.000000000000000000e+00 0.000000000000000000e+00 0.000000000000000000e+00 0.000000000000000000e+00 1.389999999999999916e-02 4.137920634920634333e-01 nan nan nan nan nan nan nan nan nan nan nan nan nan nan nan nan nan nan
nan nan 0.000000000000000000e+00 0.000000000000000000e+00 0.000000000000000000e+00 0.000000000000000000e+00 0.000000000000000000e+00 0.000000000000000000e+00 6.122698412698412973e-02 4.854095238095238463e-01 nan nan nan nan nan nan nan nan nan nan nan nan nan nan nan nan nan nan
nan nan 0.000000000000000000e+00 0.000000000000000000e+00 7.950000000000000469e-03 2.367428571428571368e-02 0.000000000000000000e+00 3.782539682539682886e-03 2.272079365079365254e-01 6.656321428571427834e-01 nan nan nan nan nan nan nan nan nan nan nan nan nan nan nan nan nan nan
nan nan nan nan nan nan 0.000000000000000000e+00 0.000000000000000000e+00 7.865079365079363782e-02 5.699839285714285442e-01 nan nan nan nan nan nan nan nan nan nan nan nan nan nan nan nan nan nan
nan nan nan nan nan 1.131111111111111206e-02 0.000000000000000000e+00 0.000000000000000000e+00 2.710317460317460472e-02 4.988793650793651446e-01 8.247357142857143497e-01 nan nan nan nan nan nan nan nan nan nan nan nan nan nan nan nan nan
nan nan nan nan nan 0.000000000000000000e+00 0.000000000000000000e+00 0.000000000000000000e+00 0.000000000000000000e+00 1.871682539682539836e-01 5.570122448979593077e-01 nan nan nan nan nan nan nan nan nan nan nan nan nan nan nan nan nan
nan nan nan nan nan 0.000000000000000000e+00 0.000000000000000000e+00 0.000000000000000000e+00 0.000000000000000000e+00 5.428571428571429304e-03 2.372269841269841473e-01 5.696142857142857396e-01 7.211885714285714011e-01 9.095142857142858306e-01 nan 9.994857142857143106e-01 nan nan nan nan nan nan nan nan nan nan nan nan
nan nan nan nan 0.000000000000000000e+00 0.000000000000000000e+00 0.000000000000000000e+00 0.000000000000000000e+00 0.000000000000000000e+00 0.000000000000000000e+00 1.914444444444445004e-02 2.099714285714285866e-01 4.521492063492063562e-01 5.759571428571429452e-01 7.648285714285715242e-01 nan nan nan nan nan nan nan nan nan nan nan nan nan
nan nan nan nan nan 0.000000000000000000e+00 0.000000000000000000e+00 0.000000000000000000e+00 0.000000000000000000e+00 0.000000000000000000e+00 0.000000000000000000e+00 2.222857142857142393e-02 3.163952380952381183e-01 4.914857142857143035e-01 3.816174603174603552e-01 7.657809523809523400e-01 nan nan nan nan nan nan nan nan nan nan nan nan
nan nan nan nan nan nan 0.000000000000000000e+00 0.000000000000000000e+00 0.000000000000000000e+00 0.000000000000000000e+00 0.000000000000000000e+00 0.000000000000000000e+00 1.130238095238095264e-01 5.499603174603175937e-01 5.207761904761905036e-01 4.313222222222222735e-01 7.139785714285714624e-01 9.459857142857142076e-01 1.000000000000000000e+00 nan nan nan nan nan nan nan nan nan
nan nan nan nan nan nan nan 0.000000000000000000e+00 0.000000000000000000e+00 0.000000000000000000e+00 0.000000000000000000e+00 0.000000000000000000e+00 2.031428571428571528e-02 3.757904761904761193e-01 5.059523809523809312e-01 5.626841269841270643e-01 5.261000000000000121e-01 7.153714285714285470e-01 8.306698412698413359e-01 6.163964285714286229e-01 9.957928571428571463e-01 9.790428571428572146e-01 nan nan nan nan nan nan
nan nan nan nan nan nan nan 0.000000000000000000e+00 0.000000000000000000e+00 0.000000000000000000e+00 0.000000000000000000e+00 0.000000000000000000e+00 0.000000000000000000e+00 9.405079365079364873e-02 2.495682539682539669e-01 5.203095238095238884e-01 7.146190476190477092e-01 7.100000000000001865e-01 6.367142857142856771e-01 5.713952380952380672e-01 8.598825396825396927e-01 9.919682539682540545e-01 9.894982142857143836e-01 9.642285714285715459e-01 nan nan nan nan
nan nan nan nan nan nan nan nan 0.000000000000000000e+00 0.000000000000000000e+00 0.000000000000000000e+00 0.000000000000000000e+00 0.000000000000000000e+00 0.000000000000000000e+00 1.683333333333333209e-02 1.495730158730158854e-01 5.934730158730158189e-01 7.249142857142857332e-01 7.622285714285714775e-01 7.406999999999999140e-01 8.020317460317462066e-01 8.285015873015874055e-01 8.552793650793649727e-01 8.426265306122447951e-01 nan 9.349755102040817611e-01 9.250499999999999279e-01 nan
nan nan nan nan nan nan nan nan nan 0.000000000000000000e+00 0.000000000000000000e+00 0.000000000000000000e+00 0.000000000000000000e+00 0.000000000000000000e+00 0.000000000000000000e+00 0.000000000000000000e+00 3.071825396825396681e-01 6.992285714285715326e-01 7.826619047619048919e-01 7.483380952380950246e-01 7.866587301587302239e-01 7.004222222222221683e-01 5.829238095238093997e-01 4.919888888888888645e-01 6.247795918367347046e-01 8.366785714285714937e-01 8.525539682539684527e-01 nan
nan nan nan nan nan nan nan nan nan nan 0.000000000000000000e+00 0.000000000000000000e+00 0.000000000000000000e+00 0.000000000000000000e+00 0.000000000000000000e+00 0.000000000000000000e+00 8.439841269841270865e-02 4.233238095238096022e-01 6.145825396825395082e-01 6.158412698412697450e-01 7.654619047619047878e-01 8.065031746031746662e-01 7.980269841269841402e-01 6.793698412698411238e-01 5.663968253968253430e-01 7.760793650793650356e-01 8.507841269841270870e-01 nan
nan nan nan nan nan nan nan nan nan nan nan nan 0.000000000000000000e+00 0.000000000000000000e+00 0.000000000000000000e+00 0.000000000000000000e+00 0.000000000000000000e+00 9.348730158730157724e-02 2.979920634920635303e-01 3.354920634920635081e-01 5.878619047619048077e-01 8.480380952380953685e-01 8.279634920634920681e-01 7.999523809523810813e-01 7.741063492063492424e-01 8.336126984126983608e-01 8.778523809523810506e-01 nan
nan nan nan nan nan nan nan nan nan nan nan nan nan 0.000000000000000000e+00 0.000000000000000000e+00 0.000000000000000000e+00 0.000000000000000000e+00 0.000000000000000000e+00 1.881746031746031958e-02 6.814285714285714390e-02 2.846444444444444777e-01 7.292952380952379965e-01 8.172904761904762339e-01 8.519666666666665389e-01 8.752555555555554534e-01 8.651539682539685083e-01 8.646015873015874265e-01 nan
nan nan nan nan nan nan nan nan nan nan nan nan nan nan nan 0.000000000000000000e+00 0.000000000000000000e+00 0.000000000000000000e+00 0.000000000000000000e+00 0.000000000000000000e+00 3.061428571428571888e-02 2.744603174603175155e-01 6.277555555555555111e-01 8.903111111111111642e-01 9.162634920634920022e-01 8.893380952380952609e-01 8.878079365079366569e-01 nan
nan nan nan nan nan nan nan nan nan nan nan nan nan nan nan nan nan 0.000000000000000000e+00 0.000000000000000000e+00 0.000000000000000000e+00 0.000000000000000000e+00 1.813928571428571543e-02 4.560767857142856707e-01 9.112603174603174372e-01 9.468190476190477822e-01 9.028555555555555223e-01 9.006111111111111400e-01 nan
nan nan nan nan nan nan nan nan nan nan nan nan nan nan nan nan nan nan nan nan 4.516285714285715042e-02 nan nan 9.470333333333332826e-01 9.861650793650795777e-01 9.202158730158730426e-01 nan nan
