nan nan nan 0.000000000000000000e+00 0.000000000000000000e+00 0.000000000000000000e+00 nan nan nan nan nan nan nan nan nan nan nan nan nan nan nan nan nan nan nan nan nan nan
nan nan 0.000000000000000000e+00 0.000000000000000000e+00 0.000000000000000000e+00 0.000000000000000000e+00 0.000000000000000000e+00 nan nan nan nan nan nan nan nan nan nan nan nan nan nan nan nan nan nan nan nan nan
nan nan 0.000000000000000000e+00 0.000000000000000000e+00 0.000000000000000000e+00 0.000000000000000000e+00 0.000000000000000000e+00 6.366666666666666308e-03 nan nan nan nan nan nan nan nan nan nan nan nan nan nan nan nan nan nan nan nan
nan 0.000000000000000000e+00 0.000000000000000000e+00 0.000000000000000000e+00 0.000000000000000000e+00 0.000000000000000000e+00 0.000000000000000000e+00 0.000000000000000000e+00 4.033333333333333909e-02 nan nan nan nan nan nan nan nan nan nan nan nan nan nan nan nan nan nan nan
0.000000000000000000e+00 0.000000000000000000e+00 0.000000000000000000e+00 0.000000000000000000e+00 0.000000000000000000e+00 0.000000000000000000e+00 0.000000000000000000e+00 0.000000000000000000e+00 1.157301587301587560e-02 2.450285714285714289e-01 nan nan nan nan nan nan nan nan nan nan nan nan nan nan nan nan nan nan
0.000000000000000000e+00 0.000000000000000000e+00 0.000000000000000000e+00 0.000000000000000000e+00 0.000000000000000000e+00 0.000000000000000000e+00 0.000000000000000000e+00 0.000000000000000000e+00 2.166031746031746308e-02 8.517428571428570239e-02 nan nan nan nan nan nan nan nan nan nan nan nan nan nan nan nan nan nan
0.000000000000000000e+00 0.000000000000000000e+00 0.000000000000000000e+00 0.000000000000000000e+00 0.000000000000000000e+00 0.000000000000000000e+00 0.000000000000000000e+00 0.000000000000000000e+00 9.646984126984127494e-02 nan nan nan nan nan nan nan nan nan nan nan nan nan nan nan nan nan nan nan
0.000000000000000000e+00 0.000000000000000000e+00 0.000000000000000000e+00 0.000000000000000000e+00 0.000000000000000000e+00 0.000000000000000000e+00 0.000000000000000000e+00 0.000000000000000000e+00 2.059809523809524034e-01 nan nan nan nan nan nan nan nan nan nan nan nan nan nan nan nan nan nan nan
nan 0.000000000000000000e+00 0.000000000000000000e+00 0.000000000000000000e+00 0.000000000000000000e+00 0.000000000000000000e+00 0.000000000000000000e+00 5.482698412698412682e-02 3.475333333333333607e-01 5.879836734693878464e-01 nan nan nan nan nan nan nan nan nan nan nan nan nan nan nan nan nan nan
nan 0.000000000000000000e+00 0.000000000000000000e+00 0.000000000000000000e+00 0.000000000000000000e+00 0.000000000000000000e+00 0.000000000000000000e+00 3.520634920634921512e-03 1.345095238095238011e-01 4.172873015873015956e-01 nan nan nan nan nan nan nan nan nan nan nan nan nan nan nan nan nan nan
nan 0.000000000000000000e+00 0.000000000000000000e+00 0.000000000000000000e+00 0.000000000000000000e+00 0.000000000000000000e+00 0.000000000000000000e+00 0.000000000000000000e+00 0.000000000000000000e+00 6.572380952380953156e-02 nan nan nan nan nan nan nan nan nan nan nan nan nan nan nan nan nan nan
nan nan 0.000000000000000000e+00 0.000000000000000000e+00 0.000000000000000000e+00 0.000000000000000000e+00 0.000000000000000000e+00 1.262539682539682608e-02 9.799523809523807971e-02 2.054031746031746153e-01 nan nan nan nan nan nan nan nan nan nan nan nan nan nan nan nan nan nan
nan nan 0.000000000000000000e+00 0.000000000000000000e+00 8.754761904761905814e-03 1.848857142857143060e-02 0.000000000000000000e+00 2.034920634920635123e-03 1.667095238095238352e-01 3.898392857142856105e-01 nan nan nan nan nan nan nan nan nan nan nan nan nan nan nan nan nan nan
nan nan nan nan nan nan 0.000000000000000000e+00 0.000000000000000000e+00 5.034126984126983950e-02 3.028374999999999817e-01 nan nan nan nan nan nan nan nan nan nan nan nan nan nan nan nan nan nan
nan nan nan nan nan 1.310000000000000053e-02 0.000000000000000000e+00 0.000000000000000000e+00 0.000000000000000000e+00 5.900952380952381726e-02 1.716000000000000025e-01 nan nan nan nan nan nan nan nan nan nan nan nan nan nan nan nan nan
nan nan nan nan nan 0.000000000000000000e+00 0.000000000000000000e+00 0.000000000000000000e+00 0.000000000000000000e+00 1.628571428571428661e-03 2.897959183673469094e-03 nan nan nan nan nan nan nan nan nan nan nan nan nan nan nan nan nan
nan nan nan nan nan 0.000000000000000000e+00 0.000000000000000000e+00 0.000000000000000000e+00 0.000000000000000000e+00 0.000000000000000000e+00 3.783015873015874164e-02 2.511163265306122772e-01 4.645999999999999575e-01 7.583285714285713519e-01 nan 9.225785714285714700e-01 nan nan nan nan nan nan nan nan nan nan nan nan
nan nan nan nan 0.000000000000000000e+00 0.000000000000000000e+00 0.000000000000000000e+00 0.000000000000000000e+00 0.000000000000000000e+00 0.000000000000000000e+00 4.716984126984127140e-02 1.261619047619047806e-01 1.721968253968253759e-01 2.771396825396825192e-01 5.756142857142857450e-01 nan nan nan nan nan nan nan nan nan nan nan nan nan
nan nan nan nan nan 0.000000000000000000e+00 0.000000000000000000e+00 0.000000000000000000e+00 0.000000000000000000e+00 0.000000000000000000e+00 0.000000000000000000e+00 4.201111111111110324e-02 1.227841269841269956e-01 1.767730158730158596e-01 1.858079365079365053e-01 5.579095238095238551e-01 nan nan nan nan nan nan nan nan nan nan nan nan
nan nan nan nan nan nan 0.000000000000000000e+00 0.000000000000000000e+00 0.000000000000000000e+00 0.000000000000000000e+00 0.000000000000000000e+00 0.000000000000000000e+00 2.925396825396825787e-02 2.058873015873015910e-01 2.545555555555555904e-01 2.435587301587301134e-01 6.027619047619047210e-01 8.057190476190476680e-01 8.298628571428572354e-01 nan nan nan nan nan nan nan nan nan
nan nan nan nan nan nan nan 0.000000000000000000e+00 0.000000000000000000e+00 0.000000000000000000e+00 0.000000000000000000e+00 0.000000000000000000e+00 9.906349206349206876e-03 2.105317460317460421e-01 4.297825396825396549e-01 4.035920634920634464e-01 4.914936507936508159e-01 6.226904761904762386e-01 6.720428571428572750e-01 4.629035714285714698e-01 8.950952380952379439e-01 9.524928571428571411e-01 nan nan nan nan nan nan
nan nan nan nan nan nan nan 0.000000000000000000e+00 0.000000000000000000e+00 0.000000000000000000e+00 0.000000000000000000e+00 0.000000000000000000e+00 5.588888888888888899e-03 4.547619047619048255e-02 2.297190476190476005e-01 4.597634920634919853e-01 5.640079365079364582e-01 5.998349206349206097e-01 4.060587301587301745e-01 3.220015873015873442e-01 7.207222222222223751e-01 9.825984126984127487e-01 9.894517857142858253e-01 9.771571428571428353e-01 nan nan nan nan
nan nan nan nan nan nan nan nan 0.000000000000000000e+00 0.000000000000000000e+00 0.000000000000000000e+00 0.000000000000000000e+00 0.000000000000000000e+00 0.000000000000000000e+00 2.174603174603174580e-02 2.165587301587301727e-01 5.300603174603174539e-01 6.350650793650793879e-01 6.164222222222222047e-01 6.274492063492063121e-01 6.855936507936507551e-01 7.940349206349205380e-01 8.475634920634921299e-01 8.762000000000000899e-01 nan 9.887428571428573676e-01 9.855392857142856178e-01 nan
nan nan nan nan nan nan nan nan nan 0.000000000000000000e+00 0.000000000000000000e+00 0.000000000000000000e+00 0.000000000000000000e+00 0.000000000000000000e+00 0.000000000000000000e+00 2.166666666666666394e-02 3.423968253968254771e-01 5.986539682539683271e-01 7.132285714285714340e-01 7.381666666666666377e-01 7.279888888888890186e-01 5.483000000000000096e-01 3.726730158730158782e-01 4.822396825396825237e-01 8.142285714285715237e-01 9.530374999999999819e-01 9.818285714285712729e-01 nan
nan nan nan nan nan nan nan nan nan nan 0.000000000000000000e+00 0.000000000000000000e+00 0.000000000000000000e+00 0.000000000000000000e+00 0.000000000000000000e+00 0.000000000000000000e+00 1.129825396825396844e-01 3.891571428571429236e-01 5.908142857142858473e-01 6.926269841269839800e-01 7.294968253968253658e-01 6.662222222222221601e-01 5.499206349206349209e-01 6.780603174603175853e-01 8.796920634920634141e-01 9.577777777777777279e-01 9.870793650793651119e-01 nan
nan nan nan nan nan nan nan nan nan nan nan nan 0.000000000000000000e+00 0.000000000000000000e+00 0.000000000000000000e+00 0.000000000000000000e+00 0.000000000000000000e+00 3.569206349206349022e-02 1.150158730158730297e-01 3.615952380952380252e-01 6.893888888888889399e-01 8.097571428571428420e-01 7.474142857142856977e-01 7.843555555555554726e-01 9.149904761904761319e-01 9.629634920634922990e-01 9.677460317460316874e-01 nan
nan nan nan nan nan nan nan nan nan nan nan nan nan 0.000000000000000000e+00 0.000000000000000000e+00 0.000000000000000000e+00 0.000000000000000000e+00 0.000000000000000000e+00 0.000000000000000000e+00 2.191904761904761925e-02 2.936142857142856610e-01 6.432095238095238976e-01 8.201793650793650636e-01 9.431968253968255889e-01 9.680126984126985468e-01 9.684571428571429053e-01 9.623031746031744937e-01 nan
nan nan nan nan nan nan nan nan nan nan nan nan nan nan nan 0.000000000000000000e+00 0.000000000000000000e+00 0.000000000000000000e+00 0.000000000000000000e+00 0.000000000000000000e+00 5.476190476190476511e-03 1.106460317460317422e-01 5.269079365079364363e-01 9.463793650793651535e-01 9.677206349206350922e-01 9.370698412698410529e-01 9.481761904761905058e-01 nan
nan nan nan nan nan nan nan nan nan nan nan nan nan nan nan nan nan 0.000000000000000000e+00 0.000000000000000000e+00 0.000000000000000000e+00 0.000000000000000000e+00 1.544821428571428561e-02 3.852446428571428827e-01 8.869333333333332403e-01 9.639460317460318839e-01 9.439111111111111452e-01 9.328444444444443651e-01 nan
nan nan nan nan nan nan nan nan nan nan nan nan nan nan nan nan nan nan nan nan 4.356857142857142873e-02 nan nan 9.036031746031746303e-01 9.735857142857142765e-01 9.582206349206350282e-01 nan nan
