nan nan nan 0.000000000000000000e+00 0.000000000000000000e+00 0.000000000000000000e+00 nan nan nan nan nan nan nan nan nan nan nan nan nan nan nan nan nan nan nan nan nan nan
nan nan 0.000000000000000000e+00 0.000000000000000000e+00 0.000000000000000000e+00 0.000000000000000000e+00 0.000000000000000000e+00 nan nan nan nan nan nan nan nan nan nan nan nan nan nan nan nan nan nan nan nan nan
nan nan 0.000000000000000000e+00 0.000000000000000000e+00 0.000000000000000000e+00 0.000000000000000000e+00 0.000000000000000000e+00 6.067999839782714511e-02 nan nan nan nan nan nan nan nan nan nan nan nan nan nan nan nan nan nan nan nan
nan 0.000000000000000000e+00 0.000000000000000000e+00 0.000000000000000000e+00 0.000000000000000000e+00 0.000000000000000000e+00 0.000000000000000000e+00 5.528148412704467912e-03 2.652985191345214600e-01 nan nan nan nan nan nan nan nan nan nan nan nan nan nan nan nan nan nan nan
0.000000000000000000e+00 0.000000000000000000e+00 0.000000000000000000e+00 0.000000000000000000e+00 0.000000000000000000e+00 0.000000000000000000e+00 0.000000000000000000e+00 0.000000000000000000e+00 1.734555625915527310e-01 7.704133605957030895e-01 nan nan nan nan nan nan nan nan nan nan nan nan nan nan nan nan nan nan
0.000000000000000000e+00 0.000000000000000000e+00 0.000000000000000000e+00 0.000000000000000000e+00 0.000000000000000000e+00 0.000000000000000000e+00 0.000000000000000000e+00 8.533333241939545155e-04 2.359496307373046831e-01 6.548946380615234819e-01 nan nan nan nan nan nan nan nan nan nan nan nan nan nan nan nan nan nan
0.000000000000000000e+00 0.000000000000000000e+00 0.000000000000000000e+00 0.000000000000000000e+00 0.000000000000000000e+00 0.000000000000000000e+00 0.000000000000000000e+00 6.655555367469787736e-03 4.018696212768554932e-01 nan nan nan nan nan nan nan nan nan nan nan nan nan nan nan nan nan nan nan
0.000000000000000000e+00 0.000000000000000000e+00 0.000000000000000000e+00 0.000000000000000000e+00 0.000000000000000000e+00 0.000000000000000000e+00 0.000000000000000000e+00 3.391629695892334206e-02 5.219681549072265891e-01 nan nan nan nan nan nan nan nan nan nan nan nan nan nan nan nan nan nan nan
nan 0.000000000000000000e+00 0.000000000000000000e+00 0.000000000000000000e+00 0.000000000000000000e+00 0.000000000000000000e+00 7.607407122850418047e-04 1.231103706359863298e-01 6.893962860107422097e-01 9.484876251220702992e-01 nan nan nan nan nan nan nan nan nan nan nan nan nan nan nan nan nan nan
nan 0.000000000000000000e+00 0.000000000000000000e+00 0.000000000000000000e+00 0.000000000000000000e+00 0.000000000000000000e+00 0.000000000000000000e+00 2.825851917266845870e-02 4.398474121093750022e-01 9.237200164794922008e-01 nan nan nan nan nan nan nan nan nan nan nan nan nan nan nan nan nan nan
nan 0.000000000000000000e+00 0.000000000000000000e+00 0.000000000000000000e+00 0.000000000000000000e+00 0.000000000000000000e+00 0.000000000000000000e+00 1.223703697323799211e-03 3.685985183715820290e-01 9.138266754150390359e-01 nan nan nan nan nan nan nan nan nan nan nan nan nan nan nan nan nan nan
nan nan 0.000000000000000000e+00 0.000000000000000000e+00 0.000000000000000000e+00 0.000000000000000000e+00 0.000000000000000000e+00 4.898222446441650307e-02 5.781355667114257413e-01 9.861911010742187012e-01 nan nan nan nan nan nan nan nan nan nan nan nan nan nan nan nan nan nan
nan nan 0.000000000000000000e+00 0.000000000000000000e+00 2.099822235107421942e-01 2.226533412933349651e-02 0.000000000000000000e+00 5.404444217681884932e-02 5.481711196899413663e-01 9.508108520507811967e-01 nan nan nan nan nan nan nan nan nan nan nan nan nan nan nan nan nan nan
nan nan nan nan nan nan 0.000000000000000000e+00 7.738518714904785330e-03 2.785192680358886674e-01 8.201291656494140714e-01 nan nan nan nan nan nan nan nan nan nan nan nan nan nan nan nan nan nan
nan nan nan nan nan 8.982222080230712474e-03 0.000000000000000000e+00 0.000000000000000000e+00 5.514073848724364985e-02 6.290118408203124734e-01 9.471067047119140492e-01 nan nan nan nan nan nan nan nan nan nan nan nan nan nan nan nan nan
nan nan nan nan nan 0.000000000000000000e+00 0.000000000000000000e+00 0.000000000000000000e+00 0.000000000000000000e+00 4.228400039672851607e-01 8.316266632080078214e-01 nan nan nan nan nan nan nan nan nan nan nan nan nan nan nan nan nan
nan nan nan nan nan 0.000000000000000000e+00 0.000000000000000000e+00 0.000000000000000000e+00 0.000000000000000000e+00 1.640977859497070312e-01 7.514710998535156783e-01 8.886361694335938033e-01 9.521426391601562900e-01 9.932493591308593217e-01 nan 9.819566345214844061e-01 nan nan nan nan nan nan nan nan nan nan nan nan
nan nan nan nan 0.000000000000000000e+00 0.000000000000000000e+00 0.000000000000000000e+00 0.000000000000000000e+00 0.000000000000000000e+00 1.353333353996276876e-02 3.069162940979003884e-01 7.450681304931641158e-01 9.024600219726562900e-01 9.483511352539062411e-01 9.712442016601562367e-01 nan nan nan nan nan nan nan nan nan nan nan nan nan
nan nan nan nan nan 0.000000000000000000e+00 0.000000000000000000e+00 0.000000000000000000e+00 0.000000000000000000e+00 0.000000000000000000e+00 1.914074122905731149e-03 2.614703750610351540e-01 7.736074066162109686e-01 8.962799835205078613e-01 9.323059082031249778e-01 9.325222015380859597e-01 nan nan nan nan nan nan nan nan nan nan nan nan
nan nan nan nan nan nan 0.000000000000000000e+00 0.000000000000000000e+00 0.000000000000000000e+00 0.000000000000000000e+00 0.000000000000000000e+00 4.427407383918762623e-03 3.820999908447265669e-01 8.260303497314452903e-01 8.756540679931640314e-01 9.088429260253906294e-01 9.134544372558593972e-01 9.331111145019531650e-01 9.841466522216797408e-01 nan nan nan nan nan nan nan nan nan
nan nan nan nan nan nan nan 0.000000000000000000e+00 0.000000000000000000e+00 0.000000000000000000e+00 0.000000000000000000e+00 0.000000000000000000e+00 6.247851848602294783e-02 4.412155532836913863e-01 7.619807434082030984e-01 8.675748443603515936e-01 9.362244415283202947e-01 9.384985351562500355e-01 9.644844818115234641e-01 9.408816528320312900e-01 9.767089080810547053e-01 9.738749694824219150e-01 nan nan nan nan nan nan
nan nan nan nan nan nan nan 0.000000000000000000e+00 0.000000000000000000e+00 0.000000000000000000e+00 0.000000000000000000e+00 0.000000000000000000e+00 0.000000000000000000e+00 2.695777893066406139e-02 2.497451782226562389e-01 6.727103424072266025e-01 8.935207366943359597e-01 9.538533020019531738e-01 9.611259460449218528e-01 9.546918487548827770e-01 9.247237396240234331e-01 9.739918518066406072e-01 9.718183135986327992e-01 9.513933563232421786e-01 nan nan nan nan
nan nan nan nan nan nan nan nan 0.000000000000000000e+00 0.000000000000000000e+00 0.000000000000000000e+00 0.000000000000000000e+00 0.000000000000000000e+00 0.000000000000000000e+00 9.360740780830384064e-03 2.271748161315917947e-01 7.760207366943359109e-01 9.360214996337891113e-01 9.414325714111327903e-01 9.360133361816406206e-01 9.216007232666015847e-01 9.517933654785156738e-01 9.776236724853515359e-01 9.651285552978515758e-01 nan 9.698047637939453125e-01 9.257700347900390536e-01 nan
nan nan nan nan nan nan nan nan nan 0.000000000000000000e+00 0.000000000000000000e+00 0.000000000000000000e+00 0.000000000000000000e+00 0.000000000000000000e+00 0.000000000000000000e+00 3.654963016510009988e-02 4.179829788208007657e-01 7.848881530761718794e-01 9.271681213378906161e-01 9.268777465820312589e-01 9.307347869873047186e-01 9.540747833251953525e-01 9.677074432373047319e-01 9.522088623046874867e-01 8.170352172851562678e-01 9.256541442871093484e-01 9.565444183349609553e-01 nan
nan nan nan nan nan nan nan nan nan nan 0.000000000000000000e+00 0.000000000000000000e+00 0.000000000000000000e+00 0.000000000000000000e+00 0.000000000000000000e+00 0.000000000000000000e+00 7.640592575073242021e-02 3.752474212646484397e-01 7.403474426269531783e-01 8.183437347412109153e-01 8.844303894042968572e-01 9.207904052734374734e-01 9.351126098632812633e-01 9.303533172607422186e-01 9.025725555419922275e-01 9.162170410156249556e-01 9.362807464599609553e-01 nan
nan nan nan nan nan nan nan nan nan nan nan nan 0.000000000000000000e+00 0.000000000000000000e+00 0.000000000000000000e+00 0.000000000000000000e+00 0.000000000000000000e+00 3.624740839004516463e-02 1.877318572998046831e-01 3.578540802001953236e-01 5.904807281494141025e-01 8.028807067871093217e-01 8.062755584716796431e-01 8.810918426513671964e-01 8.927985382080078081e-01 9.111637115478515847e-01 9.150311279296875488e-01 nan
nan nan nan nan nan nan nan nan nan nan nan nan nan 0.000000000000000000e+00 0.000000000000000000e+00 0.000000000000000000e+00 0.000000000000000000e+00 0.000000000000000000e+00 0.000000000000000000e+00 6.100741028785705393e-03 5.612963199615478294e-02 2.954577827453613303e-01 3.507614898681640780e-01 7.096340942382812766e-01 9.086829376220703081e-01 9.232029724121093572e-01 9.206584930419922097e-01 nan
nan nan nan nan nan nan nan nan nan nan nan nan nan nan nan 0.000000000000000000e+00 0.000000000000000000e+00 0.000000000000000000e+00 0.000000000000000000e+00 0.000000000000000000e+00 0.000000000000000000e+00 0.000000000000000000e+00 1.750296354293823242e-02 1.897681427001953192e-01 6.144992446899414373e-01 8.771333312988280895e-01 9.280741119384765536e-01 nan
nan nan nan nan nan nan nan nan nan nan nan nan nan nan nan nan nan 0.000000000000000000e+00 0.000000000000000000e+00 0.000000000000000000e+00 0.000000000000000000e+00 1.300333380699157659e-02 0.000000000000000000e+00 8.911111205816269181e-04 1.237585163116455139e-01 5.979074096679687367e-01 9.114370727539062855e-01 nan
nan nan nan nan nan nan nan nan nan nan nan nan nan nan nan nan nan nan nan nan 7.330666780471801341e-03 nan nan 0.000000000000000000e+00 1.733629584312439131e-02 3.683185195922851762e-01 nan nan
