nan nan nan 0.000000000000000000e+00 0.000000000000000000e+00 0.000000000000000000e+00 nan nan nan nan nan nan nan nan nan nan nan nan nan nan nan nan nan nan nan nan nan nan
nan nan 0.000000000000000000e+00 0.000000000000000000e+00 0.000000000000000000e+00 0.000000000000000000e+00 1.075555562973022454e-02 nan nan nan nan nan nan nan nan nan nan nan nan nan nan nan nan nan nan nan nan nan
nan nan 0.000000000000000000e+00 0.000000000000000000e+00 0.000000000000000000e+00 0.000000000000000000e+00 0.000000000000000000e+00 1.172962951660156267e-01 nan nan nan nan nan nan nan nan nan nan nan nan nan nan nan nan nan nan nan nan
nan 0.000000000000000000e+00 0.000000000000000000e+00 0.000000000000000000e+00 0.000000000000000000e+00 0.000000000000000000e+00 0.000000000000000000e+00 4.635333538055420172e-02 4.621570205688476651e-01 nan nan nan nan nan nan nan nan nan nan nan nan nan nan nan nan nan nan nan
0.000000000000000000e+00 0.000000000000000000e+00 0.000000000000000000e+00 0.000000000000000000e+00 0.000000000000000000e+00 0.000000000000000000e+00 0.000000000000000000e+00 1.789703726768493777e-02 2.855911064147949041e-01 6.969659423828125089e-01 nan nan nan nan nan nan nan nan nan nan nan nan nan nan nan nan nan nan
0.000000000000000000e+00 0.000000000000000000e+00 0.000000000000000000e+00 0.000000000000000000e+00 0.000000000000000000e+00 0.000000000000000000e+00 0.000000000000000000e+00 4.180740714073181291e-03 2.660066604614257924e-01 6.633026885986328391e-01 nan nan nan nan nan nan nan nan nan nan nan nan nan nan nan nan nan nan
0.000000000000000000e+00 0.000000000000000000e+00 0.000000000000000000e+00 0.000000000000000000e+00 0.000000000000000000e+00 0.000000000000000000e+00 0.000000000000000000e+00 5.240889072418213057e-02 6.002918624877929821e-01 nan nan nan nan nan nan nan nan nan nan nan nan nan nan nan nan nan nan nan
0.000000000000000000e+00 0.000000000000000000e+00 0.000000000000000000e+00 0.000000000000000000e+00 0.000000000000000000e+00 0.000000000000000000e+00 0.000000000000000000e+00 9.499629974365234042e-02 6.070992660522460671e-01 nan nan nan nan nan nan nan nan nan nan nan nan nan nan nan nan nan nan nan
nan 0.000000000000000000e+00 0.000000000000000000e+00 0.000000000000000000e+00 0.000000000000000000e+00 0.000000000000000000e+00 2.067407369613647253e-03 2.563474082946777255e-01 7.478370666503906250e-01 9.096524047851562988e-01 nan nan nan nan nan nan nan nan nan nan nan nan nan nan nan nan nan nan
nan 0.000000000000000000e+00 0.000000000000000000e+00 0.000000000000000000e+00 0.000000000000000000e+00 0.000000000000000000e+00 1.617777794599533020e-03 1.151140785217285162e-01 6.239022064208984419e-01 8.986244201660156250e-01 nan nan nan nan nan nan nan nan nan nan nan nan nan nan nan nan nan nan
nan 0.000000000000000000e+00 0.000000000000000000e+00 0.000000000000000000e+00 0.000000000000000000e+00 0.000000000000000000e+00 0.000000000000000000e+00 2.143703699111938320e-03 2.943540763854980424e-01 8.842962646484374689e-01 nan nan nan nan nan nan nan nan nan nan nan nan nan nan nan nan nan nan
nan nan 0.000000000000000000e+00 0.000000000000000000e+00 0.000000000000000000e+00 0.000000000000000000e+00 0.000000000000000000e+00 1.064874076843261713e-01 6.396429443359374911e-01 8.921962738037109153e-01 nan nan nan nan nan nan nan nan nan nan nan nan nan nan nan nan nan nan
nan nan 0.000000000000000000e+00 0.000000000000000000e+00 1.821722221374511841e-01 1.816533327102660966e-02 0.000000000000000000e+00 2.412844467163085815e-01 7.769859313964844194e-01 8.454141998291015980e-01 nan nan nan nan nan nan nan nan nan nan nan nan nan nan nan nan nan nan
nan nan nan nan nan nan 0.000000000000000000e+00 1.436881446838378928e-01 7.440214538574219105e-01 7.229291534423828436e-01 nan nan nan nan nan nan nan nan nan nan nan nan nan nan nan nan nan nan
nan nan nan nan nan 7.319259047508239364e-03 0.000000000000000000e+00 5.791629791259765569e-02 6.527037048339843217e-01 7.208681488037109730e-01 6.864366912841797230e-01 nan nan nan nan nan nan nan nan nan nan nan nan nan nan nan nan nan
nan nan nan nan nan 0.000000000000000000e+00 0.000000000000000000e+00 1.025407433509826702e-02 4.332570266723632657e-01 7.297644805908203303e-01 6.529809570312500311e-01 nan nan nan nan nan nan nan nan nan nan nan nan nan nan nan nan nan
nan nan nan nan nan 0.000000000000000000e+00 0.000000000000000000e+00 7.429629564285278537e-04 2.144977760314941417e-01 5.816614913940429954e-01 6.651955413818358975e-01 7.729685974121093262e-01 8.996893310546875133e-01 9.773880004882812278e-01 nan 9.999700164794922408e-01 nan nan nan nan nan nan nan nan nan nan nan nan
nan nan nan nan 0.000000000000000000e+00 0.000000000000000000e+00 0.000000000000000000e+00 0.000000000000000000e+00 2.379777669906616225e-02 2.502022171020507613e-01 4.945615005493164129e-01 6.277585220336914240e-01 8.017140960693359686e-01 9.037059020996093262e-01 9.150849914550781561e-01 nan nan nan nan nan nan nan nan nan nan nan nan nan
nan nan nan nan nan 0.000000000000000000e+00 0.000000000000000000e+00 0.000000000000000000e+00 0.000000000000000000e+00 3.223555564880371122e-02 1.253622245788574285e-01 2.800955581665038885e-01 5.430422210693359730e-01 8.141666412353515403e-01 8.625518798828124556e-01 8.471233367919921431e-01 nan nan nan nan nan nan nan nan nan nan nan nan
nan nan nan nan nan nan 0.000000000000000000e+00 0.000000000000000000e+00 0.000000000000000000e+00 0.000000000000000000e+00 9.488888978958130715e-03 3.676592588424682645e-02 1.169881439208984436e-01 5.060511016845703480e-01 8.018459320068359597e-01 8.407770538330078258e-01 8.226966857910156250e-01 9.282933044433593350e-01 9.652040100097656339e-01 nan nan nan nan nan nan nan nan nan
nan nan nan nan nan nan nan 0.000000000000000000e+00 0.000000000000000000e+00 0.000000000000000000e+00 0.000000000000000000e+00 0.000000000000000000e+00 3.584444522857666016e-03 5.019333362579345842e-02 3.525807571411132546e-01 7.689029693603515181e-01 9.041474151611328391e-01 9.166748046874999556e-01 9.263125610351562456e-01 9.120366668701171964e-01 9.361978149414063033e-01 9.316933441162109641e-01 nan nan nan nan nan nan
nan nan nan nan nan nan nan 0.000000000000000000e+00 0.000000000000000000e+00 0.000000000000000000e+00 0.000000000000000000e+00 0.000000000000000000e+00 0.000000000000000000e+00 0.000000000000000000e+00 9.885185360908509133e-03 2.982355499267578258e-01 7.543118286132812766e-01 8.702088928222656561e-01 8.972489166259766113e-01 8.850688934326171875e-01 8.343363189697265980e-01 8.672000122070312456e-01 8.749091339111327859e-01 8.579733276367187411e-01 nan nan nan nan
nan nan nan nan nan nan nan nan 0.000000000000000000e+00 0.000000000000000000e+00 0.000000000000000000e+00 0.000000000000000000e+00 0.000000000000000000e+00 0.000000000000000000e+00 0.000000000000000000e+00 7.197777628898620501e-03 3.816555404663086182e-01 7.732237243652343439e-01 8.528133392333984153e-01 8.689037322998046653e-01 8.391918182373047097e-01 8.152659606933593262e-01 8.553259277343749911e-01 8.329971313476562944e-01 nan 9.303762054443359686e-01 9.128133392333984686e-01 nan
nan nan nan nan nan nan nan nan nan 0.000000000000000000e+00 0.000000000000000000e+00 0.000000000000000000e+00 0.000000000000000000e+00 0.000000000000000000e+00 0.000000000000000000e+00 0.000000000000000000e+00 1.455407381057739237e-02 3.203177642822265803e-01 7.346770477294921609e-01 8.529933166503905762e-01 8.611377716064453347e-01 8.710792541503906694e-01 8.533695983886718794e-01 8.270044708251953480e-01 7.567562103271484597e-01 9.030733489990234730e-01 9.421555328369141113e-01 nan
nan nan nan nan nan nan nan nan nan nan 0.000000000000000000e+00 0.000000000000000000e+00 0.000000000000000000e+00 0.000000000000000000e+00 0.000000000000000000e+00 0.000000000000000000e+00 0.000000000000000000e+00 1.896888852119445884e-02 2.513955497741699463e-01 4.981748199462890381e-01 7.519511413574219150e-01 8.379659271240234020e-01 8.961251831054687367e-01 8.973740386962890669e-01 8.953303527832031650e-01 9.253836822509765581e-01 9.465844726562500089e-01 nan
nan nan nan nan nan nan nan nan nan nan nan nan 0.000000000000000000e+00 0.000000000000000000e+00 0.000000000000000000e+00 0.000000000000000000e+00 0.000000000000000000e+00 0.000000000000000000e+00 5.993333458900451487e-03 3.750592708587646706e-02 2.456125831604003829e-01 6.027162933349609064e-01 7.903681182861328480e-01 9.053333282470703569e-01 9.167362976074219238e-01 9.325585174560546697e-01 9.416526031494140137e-01 nan
nan nan nan nan nan nan nan nan nan nan nan nan nan 0.000000000000000000e+00 0.000000000000000000e+00 0.000000000000000000e+00 0.000000000000000000e+00 0.000000000000000000e+00 0.000000000000000000e+00 0.000000000000000000e+00 0.000000000000000000e+00 9.912962913513183316e-02 3.270207595825195268e-01 7.499836730957031294e-01 9.395629882812499556e-01 9.530829620361328525e-01 9.452703857421874689e-01 nan
nan nan nan nan nan nan nan nan nan nan nan nan nan nan nan 0.000000000000000000e+00 0.000000000000000000e+00 0.000000000000000000e+00 0.000000000000000000e+00 0.000000000000000000e+00 0.000000000000000000e+00 0.000000000000000000e+00 1.394459247589111273e-01 7.099400329589843350e-01 9.509170532226562944e-01 9.370629882812500089e-01 9.381814575195313033e-01 nan
nan nan nan nan nan nan nan nan nan nan nan nan nan nan nan nan nan 0.000000000000000000e+00 0.000000000000000000e+00 0.000000000000000000e+00 0.000000000000000000e+00 1.272416710853576695e-02 9.086666703224182198e-03 4.490822219848633057e-01 8.510918426513671697e-01 9.126214599609374645e-01 9.272681427001953081e-01 nan
nan nan nan nan nan nan nan nan nan nan nan nan nan nan nan nan nan nan nan nan 1.593999981880188030e-02 nan nan 1.386125946044921842e-01 5.476488876342773260e-01 8.687637329101562944e-01 nan nan
