nan nan nan 0.000000000000000000e+00 0.000000000000000000e+00 0.000000000000000000e+00 nan nan nan nan nan nan nan nan nan nan nan nan nan nan nan nan nan nan nan nan nan nan
nan nan 0.000000000000000000e+00 0.000000000000000000e+00 0.000000000000000000e+00 0.000000000000000000e+00 0.000000000000000000e+00 nan nan nan nan nan nan nan nan nan nan nan nan nan nan nan nan nan nan nan nan nan
nan nan 0.000000000000000000e+00 0.000000000000000000e+00 0.000000000000000000e+00 0.000000000000000000e+00 0.000000000000000000e+00 0.000000000000000000e+00 nan nan nan nan nan nan nan nan nan nan nan nan nan nan nan nan nan nan nan nan
nan 0.000000000000000000e+00 0.000000000000000000e+00 0.000000000000000000e+00 0.000000000000000000e+00 0.000000000000000000e+00 0.000000000000000000e+00 0.000000000000000000e+00 4.422962963581085483e-03 nan nan nan nan nan nan nan nan nan nan nan nan nan nan nan nan nan nan nan
0.000000000000000000e+00 0.000000000000000000e+00 0.000000000000000000e+00 0.000000000000000000e+00 0.000000000000000000e+00 0.000000000000000000e+00 0.000000000000000000e+00 0.000000000000000000e+00 1.326222181320190451e-02 1.708088874816894587e-01 nan nan nan nan nan nan nan nan nan nan nan nan nan nan nan nan nan nan
0.000000000000000000e+00 0.000000000000000000e+00 0.000000000000000000e+00 0.000000000000000000e+00 0.000000000000000000e+00 0.000000000000000000e+00 0.000000000000000000e+00 0.000000000000000000e+00 4.159481525421142301e-02 1.650000000000000078e-01 nan nan nan nan nan nan nan nan nan nan nan nan nan nan nan nan nan nan
0.000000000000000000e+00 0.000000000000000000e+00 0.000000000000000000e+00 0.000000000000000000e+00 0.000000000000000000e+00 0.000000000000000000e+00 0.000000000000000000e+00 0.000000000000000000e+00 1.276318550109863392e-01 nan nan nan nan nan nan nan nan nan nan nan nan nan nan nan nan nan nan nan
0.000000000000000000e+00 0.000000000000000000e+00 0.000000000000000000e+00 0.000000000000000000e+00 0.000000000000000000e+00 0.000000000000000000e+00 0.000000000000000000e+00 0.000000000000000000e+00 1.574940776824951261e-01 nan nan nan nan nan nan nan nan nan nan nan nan nan nan nan nan nan nan nan
nan 0.000000000000000000e+00 0.000000000000000000e+00 0.000000000000000000e+00 0.000000000000000000e+00 0.000000000000000000e+00 0.000000000000000000e+00 1.719851851463317927e-02 1.956281471252441506e-01 6.128457260131835449e-01 nan nan nan nan nan nan nan nan nan nan nan nan nan nan nan nan nan nan
nan 0.000000000000000000e+00 0.000000000000000000e+00 0.000000000000000000e+00 0.000000000000000000e+00 0.000000000000000000e+00 0.000000000000000000e+00 9.385185241699218681e-03 1.970748138427734497e-01 7.297585296630859641e-01 nan nan nan nan nan nan nan nan nan nan nan nan nan nan nan nan nan nan
nan 0.000000000000000000e+00 0.000000000000000000e+00 0.000000000000000000e+00 0.000000000000000000e+00 0.000000000000000000e+00 0.000000000000000000e+00 1.650740742683410797e-02 2.836599922180175759e-01 7.465740966796875488e-01 nan nan nan nan nan nan nan nan nan nan nan nan nan nan nan nan nan nan
nan nan 0.000000000000000000e+00 0.000000000000000000e+00 0.000000000000000000e+00 0.000000000000000000e+00 0.000000000000000000e+00 6.208296298980713057e-02 4.913414764404296919e-01 8.945600128173828436e-01 nan nan nan nan nan nan nan nan nan nan nan nan nan nan nan nan nan nan
nan nan 0.000000000000000000e+00 0.000000000000000000e+00 3.868888914585113387e-03 2.226133346557617257e-02 0.000000000000000000e+00 7.922222018241881561e-03 3.181274032592773526e-01 8.033058166503905806e-01 nan nan nan nan nan nan nan nan nan nan nan nan nan nan nan nan nan nan
nan nan nan nan nan nan 0.000000000000000000e+00 0.000000000000000000e+00 5.914888858795166321e-02 5.550091552734375266e-01 nan nan nan nan nan nan nan nan nan nan nan nan nan nan nan nan nan nan
nan nan nan nan nan 1.101703763008117683e-02 0.000000000000000000e+00 0.000000000000000000e+00 4.497036933898925469e-03 3.798133468627929443e-01 7.674433135986328258e-01 nan nan nan nan nan nan nan nan nan nan nan nan nan nan nan nan nan
nan nan nan nan nan 0.000000000000000000e+00 0.000000000000000000e+00 0.000000000000000000e+00 0.000000000000000000e+00 1.567414855957031117e-01 6.498276519775391113e-01 nan nan nan nan nan nan nan nan nan nan nan nan nan nan nan nan nan
nan nan nan nan nan 0.000000000000000000e+00 0.000000000000000000e+00 0.000000000000000000e+00 0.000000000000000000e+00 1.614814847707748404e-03 2.255207443237304821e-01 5.076200103759765936e-01 8.326773071289061967e-01 9.333333587646484020e-01 nan 9.549666595458984331e-01 nan nan nan nan nan nan nan nan nan nan nan nan
nan nan nan nan 0.000000000000000000e+00 0.000000000000000000e+00 0.000000000000000000e+00 0.000000000000000000e+00 0.000000000000000000e+00 0.000000000000000000e+00 3.806666731834411430e-03 1.645785140991210815e-01 6.282355499267577859e-01 8.711125946044921964e-01 9.220625305175781383e-01 nan nan nan nan nan nan nan nan nan nan nan nan nan
nan nan nan nan nan 0.000000000000000000e+00 0.000000000000000000e+00 0.000000000000000000e+00 0.000000000000000000e+00 0.000000000000000000e+00 0.000000000000000000e+00 1.099999994039535522e-03 1.547562980651855380e-01 5.545563125610351030e-01 7.961926269531249822e-01 8.286122131347656294e-01 nan nan nan nan nan nan nan nan nan nan nan nan
nan nan nan nan nan nan 0.000000000000000000e+00 0.000000000000000000e+00 0.000000000000000000e+00 0.000000000000000000e+00 0.000000000000000000e+00 0.000000000000000000e+00 0.000000000000000000e+00 7.739703655242920199e-02 3.765399932861328014e-01 7.502940368652343262e-01 8.214499664306640359e-01 8.409955596923828214e-01 8.916933441162109286e-01 nan nan nan nan nan nan nan nan nan
nan nan nan nan nan nan nan 0.000000000000000000e+00 0.000000000000000000e+00 0.000000000000000000e+00 0.000000000000000000e+00 0.000000000000000000e+00 0.000000000000000000e+00 0.000000000000000000e+00 3.150740623474121427e-02 4.120370483398437256e-01 8.325399780273436967e-01 8.480348205566405895e-01 8.949229431152343484e-01 8.802400207519531783e-01 8.818421936035156783e-01 8.588249969482422141e-01 nan nan nan nan nan nan
nan nan nan nan nan nan nan 0.000000000000000000e+00 0.000000000000000000e+00 0.000000000000000000e+00 0.000000000000000000e+00 0.000000000000000000e+00 0.000000000000000000e+00 0.000000000000000000e+00 0.000000000000000000e+00 1.041333293914794983e-01 6.284000015258789373e-01 8.792362976074218350e-01 9.087540435791016113e-01 9.215585327148437811e-01 8.852526092529297008e-01 8.500466918945313033e-01 8.437341308593749867e-01 8.197399902343750488e-01 nan nan nan nan
nan nan nan nan nan nan nan nan 0.000000000000000000e+00 0.000000000000000000e+00 0.000000000000000000e+00 0.000000000000000000e+00 0.000000000000000000e+00 0.000000000000000000e+00 0.000000000000000000e+00 3.375555574893951589e-03 2.587288856506347878e-01 7.540170288085937811e-01 9.020636749267577637e-01 9.223911285400390181e-01 9.091036987304687012e-01 8.696896362304687988e-01 8.720066833496094016e-01 8.246514129638672363e-01 nan 9.836885833740234286e-01 9.204850006103515447e-01 nan
nan nan nan nan nan nan nan nan nan 0.000000000000000000e+00 0.000000000000000000e+00 0.000000000000000000e+00 0.000000000000000000e+00 0.000000000000000000e+00 0.000000000000000000e+00 0.000000000000000000e+00 3.468074083328247237e-02 3.959192657470703147e-01 7.826118469238281250e-01 8.999748229980468750e-01 9.130474090576171653e-01 9.017073822021484109e-01 8.901444244384765225e-01 8.447022247314452947e-01 7.321104431152343217e-01 8.666466522216796919e-01 8.954511260986328658e-01 nan
nan nan nan nan nan nan nan nan nan nan 0.000000000000000000e+00 0.000000000000000000e+00 0.000000000000000000e+00 0.000000000000000000e+00 0.000000000000000000e+00 0.000000000000000000e+00 0.000000000000000000e+00 6.656962871551513894e-02 3.273355484008789174e-01 5.973829650878905717e-01 8.361007690429687056e-01 8.997363281250000400e-01 8.999829864501953658e-01 8.995281219482421653e-01 8.704162597656249778e-01 8.888777923583984775e-01 9.076288604736327814e-01 nan
nan nan nan nan nan nan nan nan nan nan nan nan 0.000000000000000000e+00 0.000000000000000000e+00 0.000000000000000000e+00 0.000000000000000000e+00 0.000000000000000000e+00 0.000000000000000000e+00 6.427407264709472656e-03 7.187851905822753573e-02 3.758911132812500222e-01 7.284859466552734419e-01 8.298629760742187722e-01 8.926703643798827859e-01 8.877348327636718217e-01 8.744074249267578258e-01 8.649288940429687988e-01 nan
nan nan nan nan nan nan nan nan nan nan nan nan nan 0.000000000000000000e+00 0.000000000000000000e+00 0.000000000000000000e+00 0.000000000000000000e+00 0.000000000000000000e+00 0.000000000000000000e+00 0.000000000000000000e+00 5.559259057044982875e-03 1.559829616546630771e-01 3.925096130371093506e-01 7.819407653808593262e-01 8.896392822265625222e-01 8.747592926025390403e-01 8.623022460937499467e-01 nan
nan nan nan nan nan nan nan nan nan nan nan nan nan nan nan 0.000000000000000000e+00 0.000000000000000000e+00 0.000000000000000000e+00 0.000000000000000000e+00 0.000000000000000000e+00 0.000000000000000000e+00 0.000000000000000000e+00 7.946888923645019365e-02 5.957888793945312900e-01 8.558288574218749778e-01 8.916592407226562322e-01 9.001777648925781694e-01 nan
nan nan nan nan nan nan nan nan nan nan nan nan nan nan nan nan nan 0.000000000000000000e+00 0.000000000000000000e+00 0.000000000000000000e+00 0.000000000000000000e+00 1.054333329200744622e-02 0.000000000000000000e+00 1.712999916076660134e-01 4.564703750610351607e-01 7.781526184082031561e-01 8.916644287109375400e-01 nan
nan nan nan nan nan nan nan nan nan nan nan nan nan nan nan nan nan nan nan nan 1.457200050354003941e-02 nan nan 2.048148214817047032e-03 4.460666656494140930e-02 4.354488754272460849e-01 nan nan
