nan nan nan 0.000000000000000000e+00 0.000000000000000000e+00 0.000000000000000000e+00 nan nan nan nan nan nan nan nan nan nan nan nan nan nan nan nan nan nan nan nan nan nan
nan nan 0.000000000000000000e+00 0.000000000000000000e+00 0.000000000000000000e+00 0.000000000000000000e+00 0.000000000000000000e+00 nan nan nan nan nan nan nan nan nan nan nan nan nan nan nan nan nan nan nan nan nan
nan nan 0.000000000000000000e+00 0.000000000000000000e+00 0.000000000000000000e+00 0.000000000000000000e+00 0.000000000000000000e+00 3.475703716278075867e-02 nan nan nan nan nan nan nan nan nan nan nan nan nan nan nan nan nan nan nan nan
nan 0.000000000000000000e+00 0.000000000000000000e+00 0.000000000000000000e+00 0.000000000000000000e+00 0.000000000000000000e+00 0.000000000000000000e+00 0.000000000000000000e+00 1.447474098205566440e-01 nan nan nan nan nan nan nan nan nan nan nan nan nan nan nan nan nan nan nan
0.000000000000000000e+00 0.000000000000000000e+00 0.000000000000000000e+00 0.000000000000000000e+00 0.000000000000000000e+00 0.000000000000000000e+00 0.000000000000000000e+00 0.000000000000000000e+00 6.793407440185546264e-02 5.827266693115233931e-01 nan nan nan nan nan nan nan nan nan nan nan nan nan nan nan nan nan nan
0.000000000000000000e+00 0.000000000000000000e+00 0.000000000000000000e+00 0.000000000000000000e+00 0.000000000000000000e+00 0.000000000000000000e+00 0.000000000000000000e+00 0.000000000000000000e+00 1.503585147857665894e-01 5.092839813232421520e-01 nan nan nan nan nan nan nan nan nan nan nan nan nan nan nan nan nan nan
0.000000000000000000e+00 0.000000000000000000e+00 0.000000000000000000e+00 0.000000000000000000e+00 0.000000000000000000e+00 0.000000000000000000e+00 0.000000000000000000e+00 0.000000000000000000e+00 3.491755676269531206e-01 nan nan nan nan nan nan nan nan nan nan nan nan nan nan nan nan nan nan nan
0.000000000000000000e+00 0.000000000000000000e+00 0.000000000000000000e+00 0.000000000000000000e+00 0.000000000000000000e+00 0.000000000000000000e+00 0.000000000000000000e+00 8.840000033378600866e-03 4.406888961791992076e-01 nan nan nan nan nan nan nan nan nan nan nan nan nan nan nan nan nan nan nan
nan 0.000000000000000000e+00 0.000000000000000000e+00 0.000000000000000000e+00 0.000000000000000000e+00 0.000000000000000000e+00 0.000000000000000000e+00 2.899555444717407185e-02 4.919548034667968750e-01 9.035971069335937411e-01 nan nan nan nan nan nan nan nan nan nan nan nan nan nan nan nan nan nan
nan 0.000000000000000000e+00 0.000000000000000000e+00 0.000000000000000000e+00 0.000000000000000000e+00 0.000000000000000000e+00 0.000000000000000000e+00 2.218518555164337297e-03 2.282933425903320435e-01 7.986341094970703658e-01 nan nan nan nan nan nan nan nan nan nan nan nan nan nan nan nan nan nan
nan 0.000000000000000000e+00 0.000000000000000000e+00 0.000000000000000000e+00 0.000000000000000000e+00 0.000000000000000000e+00 0.000000000000000000e+00 0.000000000000000000e+00 1.559644412994384832e-01 6.685429382324218350e-01 nan nan nan nan nan nan nan nan nan nan nan nan nan nan nan nan nan nan
nan nan 0.000000000000000000e+00 0.000000000000000000e+00 0.000000000000000000e+00 0.000000000000000000e+00 0.000000000000000000e+00 8.801481723785399558e-03 3.521792602539062234e-01 8.683963012695312678e-01 nan nan nan nan nan nan nan nan nan nan nan nan nan nan nan nan nan nan
nan nan 0.000000000000000000e+00 0.000000000000000000e+00 0.000000000000000000e+00 2.558266639709472559e-02 0.000000000000000000e+00 3.097777664661407419e-03 3.506977844238281516e-01 8.762950134277344150e-01 nan nan nan nan nan nan nan nan nan nan nan nan nan nan nan nan nan nan
nan nan nan nan nan nan 0.000000000000000000e+00 0.000000000000000000e+00 1.516896343231201039e-01 7.659308624267577859e-01 nan nan nan nan nan nan nan nan nan nan nan nan nan nan nan nan nan nan
nan nan nan nan nan 1.082296252250671345e-02 0.000000000000000000e+00 0.000000000000000000e+00 3.431259155273437556e-02 5.595444488525390669e-01 8.802799987792968572e-01 nan nan nan nan nan nan nan nan nan nan nan nan nan nan nan nan nan
nan nan nan nan nan 0.000000000000000000e+00 0.000000000000000000e+00 0.000000000000000000e+00 0.000000000000000000e+00 2.698748207092285245e-01 7.595523834228515847e-01 nan nan nan nan nan nan nan nan nan nan nan nan nan nan nan nan nan
nan nan nan nan nan 0.000000000000000000e+00 0.000000000000000000e+00 0.000000000000000000e+00 0.000000000000000000e+00 4.011629581451416071e-02 6.098651885986328125e-01 8.423123931884766158e-01 9.048133087158203303e-01 9.223332977294922408e-01 nan 9.994766998291015891e-01 nan nan nan nan nan nan nan nan nan nan nan nan
nan nan nan nan 0.000000000000000000e+00 0.000000000000000000e+00 0.000000000000000000e+00 0.000000000000000000e+00 0.000000000000000000e+00 0.000000000000000000e+00 1.390725898742675715e-01 5.648970413208007635e-01 8.461599731445312855e-01 8.950429534912109908e-01 9.205483245849609419e-01 nan nan nan nan nan nan nan nan nan nan nan nan nan
nan nan nan nan nan 0.000000000000000000e+00 0.000000000000000000e+00 0.000000000000000000e+00 0.000000000000000000e+00 0.000000000000000000e+00 0.000000000000000000e+00 9.985630035400390458e-02 5.819081497192383212e-01 8.362681579589843484e-01 8.754207611083983931e-01 8.611344146728515669e-01 nan nan nan nan nan nan nan nan nan nan nan nan
nan nan nan nan nan nan 0.000000000000000000e+00 0.000000000000000000e+00 0.000000000000000000e+00 0.000000000000000000e+00 0.000000000000000000e+00 3.828148245811462298e-03 2.032036972045898338e-01 6.438214874267578214e-01 7.838111114501953303e-01 8.301718139648437411e-01 8.264910888671874734e-01 8.424422454833984109e-01 9.237013244628906605e-01 nan nan nan nan nan nan nan nan nan
nan nan nan nan nan nan nan 0.000000000000000000e+00 0.000000000000000000e+00 0.000000000000000000e+00 0.000000000000000000e+00 0.000000000000000000e+00 5.995629787445068415e-02 2.938377761840820224e-01 4.951399993896484220e-01 7.203089141845703258e-01 8.589333343505859419e-01 8.760592651367187234e-01 9.055747985839843750e-01 8.841600036621093395e-01 9.289600372314452681e-01 9.350382995605468484e-01 nan nan nan nan nan nan
nan nan nan nan nan nan nan 0.000000000000000000e+00 0.000000000000000000e+00 0.000000000000000000e+00 0.000000000000000000e+00 0.000000000000000000e+00 2.053333371877670219e-03 4.699851989746093445e-02 1.566370391845703092e-01 3.700452041625976740e-01 7.415903472900390314e-01 8.755518341064453258e-01 8.966133117675780806e-01 9.030963134765624956e-01 9.157318878173827947e-01 9.413496398925781383e-01 9.262033081054688033e-01 8.794666290283202903e-01 nan nan nan nan
nan nan nan nan nan nan nan nan 0.000000000000000000e+00 0.000000000000000000e+00 0.000000000000000000e+00 0.000000000000000000e+00 0.000000000000000000e+00 0.000000000000000000e+00 1.553629636764526298e-02 9.010148048400878906e-02 4.079644393920898171e-01 7.800777435302734819e-01 8.829940795898437722e-01 9.126148223876953125e-01 9.145118713378905806e-01 9.063748168945312544e-01 9.325511169433593484e-01 9.048171234130859553e-01 nan 9.682180786132812411e-01 9.333474731445312589e-01 nan
nan nan nan nan nan nan nan nan nan 0.000000000000000000e+00 0.000000000000000000e+00 0.000000000000000000e+00 0.000000000000000000e+00 0.000000000000000000e+00 0.000000000000000000e+00 3.790370225906372105e-03 7.257259368896484819e-02 3.602570343017578169e-01 7.882347869873046475e-01 9.038881683349608842e-01 9.412281799316406516e-01 9.221259307861328081e-01 9.099481201171875089e-01 9.047903442382811967e-01 7.951371765136718839e-01 9.270641326904296431e-01 9.581607055664062012e-01 nan
nan nan nan nan nan nan nan nan nan nan 0.000000000000000000e+00 0.000000000000000000e+00 0.000000000000000000e+00 0.000000000000000000e+00 0.000000000000000000e+00 0.000000000000000000e+00 0.000000000000000000e+00 7.943777561187743974e-02 4.277488708496093861e-01 6.023400115966797141e-01 8.389044189453125355e-01 9.062422180175780939e-01 9.094985198974608887e-01 9.258481597900390936e-01 9.078488922119141158e-01 9.330281829833984020e-01 9.588584899902343750e-01 nan
nan nan nan nan nan nan nan nan nan nan nan nan 0.000000000000000000e+00 0.000000000000000000e+00 0.000000000000000000e+00 0.000000000000000000e+00 0.000000000000000000e+00 0.000000000000000000e+00 3.760148048400879101e-02 1.105414772033691401e-01 3.581333160400390625e-01 7.670125579833984020e-01 8.564674377441405806e-01 8.882852172851563033e-01 8.820696258544922230e-01 9.118407440185546387e-01 9.303422546386719283e-01 nan
nan nan nan nan nan nan nan nan nan nan nan nan nan 0.000000000000000000e+00 0.000000000000000000e+00 0.000000000000000000e+00 0.000000000000000000e+00 0.000000000000000000e+00 0.000000000000000000e+00 0.000000000000000000e+00 2.030888795852660994e-02 3.063118553161621183e-01 6.221340560913085627e-01 8.762110900878906650e-01 8.930096435546874822e-01 8.971540832519531161e-01 9.103932952880859908e-01 nan
nan nan nan nan nan nan nan nan nan nan nan nan nan nan nan 0.000000000000000000e+00 0.000000000000000000e+00 0.000000000000000000e+00 0.000000000000000000e+00 0.000000000000000000e+00 0.000000000000000000e+00 1.034814789891242912e-03 1.342829608917236461e-01 7.499177551269531339e-01 9.408525848388671342e-01 9.355296325683594150e-01 9.529296112060546831e-01 nan
nan nan nan nan nan nan nan nan nan nan nan nan nan nan nan nan nan 0.000000000000000000e+00 0.000000000000000000e+00 0.000000000000000000e+00 0.000000000000000000e+00 1.141749978065490639e-02 0.000000000000000000e+00 2.692696380615234308e-01 7.971607208251952903e-01 9.656370544433593439e-01 9.584429931640624512e-01 nan
nan nan nan nan nan nan nan nan nan nan nan nan nan nan nan nan nan nan nan nan 2.002133369445800726e-02 nan nan 9.241481423377989959e-03 3.292096328735351629e-01 9.109540557861328658e-01 nan nan
