nan nan nan 0.000000000000000000e+00 0.000000000000000000e+00 0.000000000000000000e+00 nan nan nan nan nan nan nan nan nan nan nan nan nan nan nan nan nan nan nan nan nan nan
nan nan 0.000000000000000000e+00 0.000000000000000000e+00 0.000000000000000000e+00 0.000000000000000000e+00 0.000000000000000000e+00 nan nan nan nan nan nan nan nan nan nan nan nan nan nan nan nan nan nan nan nan nan
nan nan 0.000000000000000000e+00 0.000000000000000000e+00 0.000000000000000000e+00 0.000000000000000000e+00 0.000000000000000000e+00 6.365925669670104668e-03 nan nan nan nan nan nan nan nan nan nan nan nan nan nan nan nan nan nan nan nan
nan 0.000000000000000000e+00 0.000000000000000000e+00 0.000000000000000000e+00 0.000000000000000000e+00 0.000000000000000000e+00 0.000000000000000000e+00 0.000000000000000000e+00 9.784148216247558205e-02 nan nan nan nan nan nan nan nan nan nan nan nan nan nan nan nan nan nan nan
0.000000000000000000e+00 0.000000000000000000e+00 0.000000000000000000e+00 0.000000000000000000e+00 0.000000000000000000e+00 0.000000000000000000e+00 0.000000000000000000e+00 0.000000000000000000e+00 2.906666755676269587e-02 3.466192626953125133e-01 nan nan nan nan nan nan nan nan nan nan nan nan nan nan nan nan nan nan
0.000000000000000000e+00 0.000000000000000000e+00 0.000000000000000000e+00 0.000000000000000000e+00 0.000000000000000000e+00 0.000000000000000000e+00 0.000000000000000000e+00 0.000000000000000000e+00 5.739555358886718611e-02 2.231613349914550737e-01 nan nan nan nan nan nan nan nan nan nan nan nan nan nan nan nan nan nan
0.000000000000000000e+00 0.000000000000000000e+00 0.000000000000000000e+00 0.000000000000000000e+00 0.000000000000000000e+00 0.000000000000000000e+00 0.000000000000000000e+00 0.000000000000000000e+00 2.572511100769043213e-01 nan nan nan nan nan nan nan nan nan nan nan nan nan nan nan nan nan nan nan
0.000000000000000000e+00 0.000000000000000000e+00 0.000000000000000000e+00 0.000000000000000000e+00 0.000000000000000000e+00 0.000000000000000000e+00 0.000000000000000000e+00 0.000000000000000000e+00 3.639585113525390381e-01 nan nan nan nan nan nan nan nan nan nan nan nan nan nan nan nan nan nan nan
nan 0.000000000000000000e+00 0.000000000000000000e+00 0.000000000000000000e+00 0.000000000000000000e+00 0.000000000000000000e+00 0.000000000000000000e+00 1.082518577575683656e-02 4.384762954711913796e-01 8.732209777832031783e-01 nan nan nan nan nan nan nan nan nan nan nan nan nan nan nan nan nan nan
nan 0.000000000000000000e+00 0.000000000000000000e+00 0.000000000000000000e+00 0.000000000000000000e+00 0.000000000000000000e+00 0.000000000000000000e+00 0.000000000000000000e+00 2.654933357238769553e-01 8.565659332275390447e-01 nan nan nan nan nan nan nan nan nan nan nan nan nan nan nan nan nan nan
nan 0.000000000000000000e+00 0.000000000000000000e+00 0.000000000000000000e+00 0.000000000000000000e+00 0.000000000000000000e+00 0.000000000000000000e+00 3.351111114025116106e-03 3.190940666198730513e-01 8.448815155029296697e-01 nan nan nan nan nan nan nan nan nan nan nan nan nan nan nan nan nan nan
nan nan 0.000000000000000000e+00 0.000000000000000000e+00 0.000000000000000000e+00 0.000000000000000000e+00 0.000000000000000000e+00 3.196888923645019309e-02 4.892570495605468861e-01 9.117081451416015891e-01 nan nan nan nan nan nan nan nan nan nan nan nan nan nan nan nan nan nan
nan nan 0.000000000000000000e+00 0.000000000000000000e+00 4.883333444595337226e-03 2.375866651535034346e-02 0.000000000000000000e+00 7.619259357452392960e-03 3.493474197387695379e-01 8.236025238037109064e-01 nan nan nan nan nan nan nan nan nan nan nan nan nan nan nan nan nan nan
nan nan nan nan nan nan 0.000000000000000000e+00 0.000000000000000000e+00 7.680444240570068193e-02 6.434416961669922053e-01 nan nan nan nan nan nan nan nan nan nan nan nan nan nan nan nan nan nan
nan nan nan nan nan 8.090370297431946633e-03 0.000000000000000000e+00 0.000000000000000000e+00 1.792518496513366769e-02 4.853244400024414040e-01 8.689167022705077681e-01 nan nan nan nan nan nan nan nan nan nan nan nan nan nan nan nan nan
nan nan nan nan nan 0.000000000000000000e+00 0.000000000000000000e+00 0.000000000000000000e+00 0.000000000000000000e+00 2.550985145568847590e-01 7.621286010742187589e-01 nan nan nan nan nan nan nan nan nan nan nan nan nan nan nan nan nan
nan nan nan nan nan 0.000000000000000000e+00 0.000000000000000000e+00 0.000000000000000000e+00 0.000000000000000000e+00 2.047111034393310491e-02 4.699925994873047075e-01 7.592295074462890314e-01 8.819560241699219150e-01 9.333333587646484020e-01 nan 9.639433288574218439e-01 nan nan nan nan nan nan nan nan nan nan nan nan
nan nan nan nan 0.000000000000000000e+00 0.000000000000000000e+00 0.000000000000000000e+00 0.000000000000000000e+00 0.000000000000000000e+00 0.000000000000000000e+00 4.809185028076171792e-02 2.862466621398925826e-01 6.966384887695312722e-01 8.386903381347656783e-01 8.501058197021484908e-01 nan nan nan nan nan nan nan nan nan nan nan nan nan
nan nan nan nan nan 0.000000000000000000e+00 0.000000000000000000e+00 0.000000000000000000e+00 0.000000000000000000e+00 0.000000000000000000e+00 0.000000000000000000e+00 6.519259214401245360e-03 2.366340827941894598e-01 7.031155395507812100e-01 8.620333099365233842e-01 8.309666442871094238e-01 nan nan nan nan nan nan nan nan nan nan nan nan
nan nan nan nan nan nan 0.000000000000000000e+00 0.000000000000000000e+00 0.000000000000000000e+00 0.000000000000000000e+00 0.000000000000000000e+00 0.000000000000000000e+00 4.616296291351318706e-03 3.230207443237304576e-01 7.579133605957031339e-01 8.630777740478515758e-01 8.388444519042969061e-01 8.140933227539062234e-01 9.135800170898437100e-01 nan nan nan nan nan nan nan nan nan
nan nan nan nan nan nan nan 0.000000000000000000e+00 0.000000000000000000e+00 0.000000000000000000e+00 0.000000000000000000e+00 0.000000000000000000e+00 0.000000000000000000e+00 3.746963024139404047e-02 3.749755477905273304e-01 7.580281829833984686e-01 8.544496154785156117e-01 8.290489196777344194e-01 9.084007263183593306e-01 8.402066802978516158e-01 8.894022369384765314e-01 8.645066833496093395e-01 nan nan nan nan nan nan
nan nan nan nan nan nan nan 0.000000000000000000e+00 0.000000000000000000e+00 0.000000000000000000e+00 0.000000000000000000e+00 0.000000000000000000e+00 0.000000000000000000e+00 7.666666805744170752e-04 7.238888740539550781e-02 4.187044525146484397e-01 7.829896545410156561e-01 8.999703979492187367e-01 9.198096466064452637e-01 9.218385314941406339e-01 9.014118194580078569e-01 8.340666961669921387e-01 8.430541992187500222e-01 8.506666564941406383e-01 nan nan nan nan
nan nan nan nan nan nan nan nan 0.000000000000000000e+00 0.000000000000000000e+00 0.000000000000000000e+00 0.000000000000000000e+00 0.000000000000000000e+00 0.000000000000000000e+00 0.000000000000000000e+00 6.001185417175292774e-02 5.042192459106444868e-01 8.600896453857421742e-01 9.179711151123046697e-01 9.246311187744140625e-01 9.251607513427734242e-01 8.688414764404296387e-01 8.836459350585937900e-01 8.323028564453125444e-01 nan 9.807199859619140092e-01 9.262117004394531117e-01 nan
nan nan nan nan nan nan nan nan nan 0.000000000000000000e+00 0.000000000000000000e+00 0.000000000000000000e+00 0.000000000000000000e+00 0.000000000000000000e+00 0.000000000000000000e+00 0.000000000000000000e+00 7.525555610656738115e-02 4.608918380737304643e-01 7.905296325683593972e-01 8.848422241210937012e-01 9.092422485351562278e-01 9.170555877685546697e-01 9.105014801025390625e-01 8.540844726562499822e-01 7.450361633300781605e-01 8.908733367919922097e-01 9.250740814208984197e-01 nan
nan nan nan nan nan nan nan nan nan nan 0.000000000000000000e+00 0.000000000000000000e+00 0.000000000000000000e+00 0.000000000000000000e+00 0.000000000000000000e+00 0.000000000000000000e+00 0.000000000000000000e+00 6.875926017761230247e-02 3.269474029541015736e-01 4.610911178588867343e-01 6.684444427490234819e-01 8.292303466796875355e-01 8.705873870849609730e-01 8.716436767578125133e-01 8.643385314941406383e-01 8.898103332519531339e-01 9.120570373535156206e-01 nan
nan nan nan nan nan nan nan nan nan nan nan nan 0.000000000000000000e+00 0.000000000000000000e+00 0.000000000000000000e+00 0.000000000000000000e+00 0.000000000000000000e+00 0.000000000000000000e+00 1.098222255706787082e-02 2.394073963165283328e-02 1.133140754699707015e-01 3.142703628540038929e-01 5.176903533935547363e-01 8.170837402343750222e-01 8.745918273925781250e-01 8.778910827636718928e-01 8.904237365722655895e-01 nan
nan nan nan nan nan nan nan nan nan nan nan nan nan 0.000000000000000000e+00 0.000000000000000000e+00 0.000000000000000000e+00 0.000000000000000000e+00 0.000000000000000000e+00 0.000000000000000000e+00 0.000000000000000000e+00 0.000000000000000000e+00 2.014962911605834919e-02 5.954073905944824024e-02 3.636688995361327947e-01 8.360585021972656294e-01 9.096170043945313033e-01 9.089192962646484020e-01 nan
nan nan nan nan nan nan nan nan nan nan nan nan nan nan nan 0.000000000000000000e+00 0.000000000000000000e+00 0.000000000000000000e+00 0.000000000000000000e+00 0.000000000000000000e+00 0.000000000000000000e+00 0.000000000000000000e+00 1.090888857841491692e-02 1.726814842224121127e-01 6.592881774902343839e-01 8.825563049316406117e-01 9.051829528808593706e-01 nan
nan nan nan nan nan nan nan nan nan nan nan nan nan nan nan nan nan 0.000000000000000000e+00 0.000000000000000000e+00 0.000000000000000000e+00 0.000000000000000000e+00 1.142166614532470759e-02 0.000000000000000000e+00 3.760740756988525252e-02 2.365407371520996116e-01 7.113259124755859641e-01 8.806103515625000044e-01 nan
nan nan nan nan nan nan nan nan nan nan nan nan nan nan nan nan nan nan nan nan 2.531333446502685713e-02 nan nan 0.000000000000000000e+00 1.864740729331970312e-02 3.809503555297851785e-01 nan nan
