nan nan nan 0.000000000000000000e+00 0.000000000000000000e+00 0.000000000000000000e+00 nan nan nan nan nan nan nan nan nan nan nan nan nan nan nan nan nan nan nan nan nan nan
nan nan 0.000000000000000000e+00 0.000000000000000000e+00 0.000000000000000000e+00 0.000000000000000000e+00 0.000000000000000000e+00 nan nan nan nan nan nan nan nan nan nan nan nan nan nan nan nan nan nan nan nan nan
nan nan 0.000000000000000000e+00 0.000000000000000000e+00 0.000000000000000000e+00 0.000000000000000000e+00 0.000000000000000000e+00 0.000000000000000000e+00 nan nan nan nan nan nan nan nan nan nan nan nan nan nan nan nan nan nan nan nan
nan 0.000000000000000000e+00 0.000000000000000000e+00 0.000000000000000000e+00 0.000000000000000000e+00 0.000000000000000000e+00 0.000000000000000000e+00 0.000000000000000000e+00 0.000000000000000000e+00 nan nan nan nan nan nan nan nan nan nan nan nan nan nan nan nan nan nan nan
0.000000000000000000e+00 0.000000000000000000e+00 0.000000000000000000e+00 0.000000000000000000e+00 0.000000000000000000e+00 0.000000000000000000e+00 0.000000000000000000e+00 0.000000000000000000e+00 0.000000000000000000e+00 2.037037014961242537e-03 nan nan nan nan nan nan nan nan nan nan nan nan nan nan nan nan nan nan
0.000000000000000000e+00 0.000000000000000000e+00 0.000000000000000000e+00 0.000000000000000000e+00 0.000000000000000000e+00 0.000000000000000000e+00 0.000000000000000000e+00 0.000000000000000000e+00 0.000000000000000000e+00 7.519999891519546205e-04 nan nan nan nan nan nan nan nan nan nan nan nan nan nan nan nan nan nan
0.000000000000000000e+00 0.000000000000000000e+00 0.000000000000000000e+00 0.000000000000000000e+00 0.000000000000000000e+00 0.000000000000000000e+00 0.000000000000000000e+00 0.000000000000000000e+00 0.000000000000000000e+00 nan nan nan nan nan nan nan nan nan nan nan nan nan nan nan nan nan nan nan
0.000000000000000000e+00 0.000000000000000000e+00 0.000000000000000000e+00 0.000000000000000000e+00 0.000000000000000000e+00 0.000000000000000000e+00 0.000000000000000000e+00 0.000000000000000000e+00 7.322221994400024414e-03 nan nan nan nan nan nan nan nan nan nan nan nan nan nan nan nan nan nan nan
nan 0.000000000000000000e+00 0.000000000000000000e+00 0.000000000000000000e+00 0.000000000000000000e+00 0.000000000000000000e+00 0.000000000000000000e+00 0.000000000000000000e+00 7.184592723846434936e-02 2.722542762756347545e-01 nan nan nan nan nan nan nan nan nan nan nan nan nan nan nan nan nan nan
nan 0.000000000000000000e+00 0.000000000000000000e+00 0.000000000000000000e+00 0.000000000000000000e+00 0.000000000000000000e+00 0.000000000000000000e+00 0.000000000000000000e+00 7.239407539367676003e-02 3.680185317993164285e-01 nan nan nan nan nan nan nan nan nan nan nan nan nan nan nan nan nan nan
nan 0.000000000000000000e+00 0.000000000000000000e+00 0.000000000000000000e+00 0.000000000000000000e+00 0.000000000000000000e+00 0.000000000000000000e+00 3.865629673004150613e-02 2.430007362365722567e-01 5.239133453369140270e-01 nan nan nan nan nan nan nan nan nan nan nan nan nan nan nan nan nan nan
nan nan 0.000000000000000000e+00 0.000000000000000000e+00 0.000000000000000000e+00 0.000000000000000000e+00 4.263703823089599713e-03 2.136296272277831976e-01 5.674451828002929910e-01 7.487184906005859286e-01 nan nan nan nan nan nan nan nan nan nan nan nan nan nan nan nan nan nan
nan nan 0.000000000000000000e+00 0.000000000000000000e+00 5.844444632530212090e-03 1.938533306121826075e-02 3.939999938011169191e-03 1.726237106323242065e-01 5.847962951660156117e-01 8.253549957275390092e-01 nan nan nan nan nan nan nan nan nan nan nan nan nan nan nan nan nan nan
nan nan nan nan nan nan 0.000000000000000000e+00 1.299999952316284110e-02 2.771474075317382768e-01 7.857141876220703480e-01 nan nan nan nan nan nan nan nan nan nan nan nan nan nan nan nan nan nan
nan nan nan nan nan 1.043333292007446282e-02 0.000000000000000000e+00 0.000000000000000000e+00 7.966148376464843306e-02 5.851251983642578036e-01 8.429833221435546475e-01 nan nan nan nan nan nan nan nan nan nan nan nan nan nan nan nan nan
nan nan nan nan nan 0.000000000000000000e+00 0.000000000000000000e+00 0.000000000000000000e+00 3.019259274005889858e-03 3.208911132812499734e-01 7.194047546386719283e-01 nan nan nan nan nan nan nan nan nan nan nan nan nan nan nan nan nan
nan nan nan nan nan 0.000000000000000000e+00 0.000000000000000000e+00 0.000000000000000000e+00 0.000000000000000000e+00 6.819555759429932196e-02 4.817718505859375222e-01 7.002942657470703214e-01 8.300613403320312722e-01 8.855373382568358931e-01 nan 9.399333190917968928e-01 nan nan nan nan nan nan nan nan nan nan nan nan
nan nan nan nan 0.000000000000000000e+00 0.000000000000000000e+00 0.000000000000000000e+00 0.000000000000000000e+00 0.000000000000000000e+00 1.990370303392410140e-03 7.765555381774902344e-02 2.950474166870117321e-01 6.614829254150390581e-01 8.576022338867187456e-01 8.919066619873047275e-01 nan nan nan nan nan nan nan nan nan nan nan nan nan
nan nan nan nan nan 0.000000000000000000e+00 0.000000000000000000e+00 0.000000000000000000e+00 0.000000000000000000e+00 0.000000000000000000e+00 0.000000000000000000e+00 1.442518472671508803e-02 2.218488883972168091e-01 5.853533172607421342e-01 7.822311401367187944e-01 8.049644470214843972e-01 nan nan nan nan nan nan nan nan nan nan nan nan
nan nan nan nan nan nan 0.000000000000000000e+00 0.000000000000000000e+00 0.000000000000000000e+00 0.000000000000000000e+00 0.000000000000000000e+00 0.000000000000000000e+00 0.000000000000000000e+00 1.309599971771240323e-01 4.492696380615234242e-01 7.282918548583984242e-01 8.002622222900390714e-01 8.168066406249999689e-01 8.438999938964844016e-01 nan nan nan nan nan nan nan nan nan
nan nan nan nan nan nan nan 0.000000000000000000e+00 0.000000000000000000e+00 0.000000000000000000e+00 0.000000000000000000e+00 0.000000000000000000e+00 0.000000000000000000e+00 0.000000000000000000e+00 5.502518653869628573e-02 4.364881515502929688e-01 7.761437225341797363e-01 7.927444458007812944e-01 8.421918487548828436e-01 8.065316772460937589e-01 8.724866485595703658e-01 8.465816497802733931e-01 nan nan nan nan nan nan
nan nan nan nan nan nan nan 0.000000000000000000e+00 0.000000000000000000e+00 0.000000000000000000e+00 0.000000000000000000e+00 0.000000000000000000e+00 0.000000000000000000e+00 0.000000000000000000e+00 0.000000000000000000e+00 7.547852039337157870e-02 5.250259399414062278e-01 8.214355468749999778e-01 8.474851989746093883e-01 8.464978027343750266e-01 8.685762786865234286e-01 8.364244079589844283e-01 8.186900329589843484e-01 7.974800109863281472e-01 nan nan nan nan
nan nan nan nan nan nan nan nan 0.000000000000000000e+00 0.000000000000000000e+00 0.000000000000000000e+00 0.000000000000000000e+00 0.000000000000000000e+00 0.000000000000000000e+00 0.000000000000000000e+00 0.000000000000000000e+00 1.403511142730712868e-01 6.224303817749023970e-01 8.366170501708984908e-01 8.615859222412108887e-01 8.733615112304687900e-01 8.650451660156249778e-01 8.588207244873047319e-01 8.173285675048828081e-01 nan 9.847533416748046609e-01 9.294075012207031472e-01 nan
nan nan nan nan nan nan nan nan nan 0.000000000000000000e+00 0.000000000000000000e+00 0.000000000000000000e+00 0.000000000000000000e+00 0.000000000000000000e+00 0.000000000000000000e+00 0.000000000000000000e+00 3.211111128330230557e-03 2.429355621337890569e-01 6.829177856445312056e-01 8.475984954833983842e-01 8.820333099365234020e-01 9.059096527099609331e-01 8.956696319580078613e-01 8.453562927246093262e-01 7.551276397705077859e-01 8.912232971191406117e-01 9.036607360839843395e-01 nan
nan nan nan nan nan nan nan nan nan nan 0.000000000000000000e+00 0.000000000000000000e+00 0.000000000000000000e+00 0.000000000000000000e+00 0.000000000000000000e+00 0.000000000000000000e+00 0.000000000000000000e+00 2.160222291946410980e-02 2.591548156738281428e-01 5.454436874389648748e-01 7.899392700195312367e-01 8.742207336425781294e-01 8.941414642333984641e-01 9.000696563720702592e-01 8.972533416748046387e-01 9.215192413330077770e-01 9.418185424804687012e-01 nan
nan nan nan nan nan nan nan nan nan nan nan nan 0.000000000000000000e+00 0.000000000000000000e+00 0.000000000000000000e+00 0.000000000000000000e+00 0.000000000000000000e+00 0.000000000000000000e+00 5.748888850212097515e-03 7.227925777435302568e-02 3.484681320190429754e-01 7.158110809326171387e-01 8.216799926757812900e-01 8.608022308349609908e-01 9.051763153076172186e-01 9.331377410888671564e-01 9.496829986572266069e-01 nan
nan nan nan nan nan nan nan nan nan nan nan nan nan 0.000000000000000000e+00 0.000000000000000000e+00 0.000000000000000000e+00 0.000000000000000000e+00 0.000000000000000000e+00 0.000000000000000000e+00 0.000000000000000000e+00 1.748444437980651786e-02 2.491866683959960971e-01 5.768199920654296653e-01 7.872377777099609508e-01 8.675377655029297141e-01 9.178526306152343661e-01 9.517844390869140137e-01 nan
nan nan nan nan nan nan nan nan nan nan nan nan nan nan nan 0.000000000000000000e+00 0.000000000000000000e+00 0.000000000000000000e+00 0.000000000000000000e+00 0.000000000000000000e+00 0.000000000000000000e+00 7.718518376350402615e-04 2.094251823425292980e-01 6.913021850585937544e-01 8.374466705322265447e-01 8.660229492187500044e-01 9.057073974609375355e-01 nan
nan nan nan nan nan nan nan nan nan nan nan nan nan nan nan nan nan 0.000000000000000000e+00 0.000000000000000000e+00 0.000000000000000000e+00 0.000000000000000000e+00 1.082499980926513589e-02 5.148833274841308622e-02 3.637222290039062722e-01 6.033377838134765803e-01 8.173496246337890181e-01 8.826741027832031294e-01 nan
nan nan nan nan nan nan nan nan nan nan nan nan nan nan nan nan nan nan nan nan 2.097199916839599665e-02 nan nan 3.082222223281860449e-02 2.191533279418945435e-01 6.423192596435547408e-01 nan nan
