nan nan nan 0.000000000000000000e+00 0.000000000000000000e+00 0.000000000000000000e+00 nan nan nan nan nan nan nan nan nan nan nan nan nan nan nan nan nan nan nan nan nan nan
nan nan 0.000000000000000000e+00 0.000000000000000000e+00 0.000000000000000000e+00 0.000000000000000000e+00 9.437777996063233255e-03 nan nan nan nan nan nan nan nan nan nan nan nan nan nan nan nan nan nan nan nan nan
nan nan 0.000000000000000000e+00 0.000000000000000000e+00 0.000000000000000000e+00 0.000000000000000000e+00 0.000000000000000000e+00 1.426125907897949352e-01 nan nan nan nan nan nan nan nan nan nan nan nan nan nan nan nan nan nan nan nan
nan 0.000000000000000000e+00 0.000000000000000000e+00 0.000000000000000000e+00 0.000000000000000000e+00 0.000000000000000000e+00 0.000000000000000000e+00 4.900666713714599276e-02 5.173288726806640758e-01 nan nan nan nan nan nan nan nan nan nan nan nan nan nan nan nan nan nan nan
0.000000000000000000e+00 0.000000000000000000e+00 0.000000000000000000e+00 0.000000000000000000e+00 0.000000000000000000e+00 0.000000000000000000e+00 0.000000000000000000e+00 0.000000000000000000e+00 2.522348213195800826e-01 7.620636749267578613e-01 nan nan nan nan nan nan nan nan nan nan nan nan nan nan nan nan nan nan
0.000000000000000000e+00 0.000000000000000000e+00 0.000000000000000000e+00 0.000000000000000000e+00 0.000000000000000000e+00 0.000000000000000000e+00 0.000000000000000000e+00 0.000000000000000000e+00 2.582422256469726340e-01 7.134866333007812145e-01 nan nan nan nan nan nan nan nan nan nan nan nan nan nan nan nan nan nan
0.000000000000000000e+00 0.000000000000000000e+00 0.000000000000000000e+00 0.000000000000000000e+00 0.000000000000000000e+00 0.000000000000000000e+00 0.000000000000000000e+00 1.458740711212158127e-02 4.893659210205077992e-01 nan nan nan nan nan nan nan nan nan nan nan nan nan nan nan nan nan nan nan
0.000000000000000000e+00 0.000000000000000000e+00 0.000000000000000000e+00 0.000000000000000000e+00 0.000000000000000000e+00 0.000000000000000000e+00 0.000000000000000000e+00 3.351555585861205888e-02 5.958385086059569957e-01 nan nan nan nan nan nan nan nan nan nan nan nan nan nan nan nan nan nan nan
nan 0.000000000000000000e+00 0.000000000000000000e+00 0.000000000000000000e+00 0.000000000000000000e+00 0.000000000000000000e+00 0.000000000000000000e+00 7.044444561004638283e-02 6.518392944335937855e-01 9.236142730712890714e-01 nan nan nan nan nan nan nan nan nan nan nan nan nan nan nan nan nan nan
nan 0.000000000000000000e+00 0.000000000000000000e+00 0.000000000000000000e+00 0.000000000000000000e+00 0.000000000000000000e+00 0.000000000000000000e+00 1.013925909996032763e-02 3.704148101806640780e-01 8.546185302734374822e-01 nan nan nan nan nan nan nan nan nan nan nan nan nan nan nan nan nan nan
nan 0.000000000000000000e+00 0.000000000000000000e+00 0.000000000000000000e+00 0.000000000000000000e+00 0.000000000000000000e+00 0.000000000000000000e+00 2.616296410560607806e-03 3.173881530761718528e-01 8.426592254638671786e-01 nan nan nan nan nan nan nan nan nan nan nan nan nan nan nan nan nan nan
nan nan 0.000000000000000000e+00 0.000000000000000000e+00 0.000000000000000000e+00 0.000000000000000000e+00 0.000000000000000000e+00 7.641036987304687667e-02 6.406658935546875044e-01 9.290340423583984819e-01 nan nan nan nan nan nan nan nan nan nan nan nan nan nan nan nan nan nan
nan nan 0.000000000000000000e+00 0.000000000000000000e+00 1.820299911499023426e-01 2.057199954986572293e-02 0.000000000000000000e+00 3.200888872146606667e-02 6.236874008178711071e-01 9.318333435058593350e-01 nan nan nan nan nan nan nan nan nan nan nan nan nan nan nan nan nan nan
nan nan nan nan nan nan 0.000000000000000000e+00 0.000000000000000000e+00 4.238185119628906095e-01 9.183300018310547319e-01 nan nan nan nan nan nan nan nan nan nan nan nan nan nan nan nan nan nan
nan nan nan nan nan 7.548148036003113001e-03 0.000000000000000000e+00 0.000000000000000000e+00 3.416999816894531472e-01 8.974881744384766158e-01 9.064600372314453036e-01 nan nan nan nan nan nan nan nan nan nan nan nan nan nan nan nan nan
nan nan nan nan nan 0.000000000000000000e+00 0.000000000000000000e+00 0.000000000000000000e+00 1.726303672790527322e-01 7.901155853271484286e-01 8.823075866699219283e-01 nan nan nan nan nan nan nan nan nan nan nan nan nan nan nan nan nan
nan nan nan nan nan 0.000000000000000000e+00 0.000000000000000000e+00 0.000000000000000000e+00 4.264740943908691684e-02 5.339370346069336470e-01 8.788073730468749512e-01 9.208876037597656383e-01 9.543466949462890980e-01 9.915546417236328347e-01 nan 9.998666381835937811e-01 nan nan nan nan nan nan nan nan nan nan nan nan
nan nan nan nan 0.000000000000000000e+00 0.000000000000000000e+00 0.000000000000000000e+00 0.000000000000000000e+00 0.000000000000000000e+00 1.344185161590576161e-01 4.685437011718749933e-01 7.114303588867187944e-01 8.878755187988280895e-01 9.593133544921874645e-01 9.555133056640624512e-01 nan nan nan nan nan nan nan nan nan nan nan nan nan
nan nan nan nan nan 0.000000000000000000e+00 0.000000000000000000e+00 0.000000000000000000e+00 0.000000000000000000e+00 0.000000000000000000e+00 7.423703670501709088e-03 1.722029685974121038e-01 5.523429489135742720e-01 8.435844421386718972e-01 9.101563262939452725e-01 8.737000274658203169e-01 nan nan nan nan nan nan nan nan nan nan nan nan
nan nan nan nan nan nan 0.000000000000000000e+00 0.000000000000000000e+00 0.000000000000000000e+00 0.000000000000000000e+00 0.000000000000000000e+00 0.000000000000000000e+00 7.018074035644530917e-02 4.646592712402343728e-01 7.802081298828125178e-01 8.367095947265624778e-01 8.284388732910156206e-01 9.037755584716796742e-01 9.611386871337890270e-01 nan nan nan nan nan nan nan nan nan
nan nan nan nan nan nan nan 0.000000000000000000e+00 0.000000000000000000e+00 0.000000000000000000e+00 0.000000000000000000e+00 0.000000000000000000e+00 0.000000000000000000e+00 2.411259174346923675e-02 3.488562774658203192e-01 7.839592742919921919e-01 9.025585174560546431e-01 8.980925750732421387e-01 9.202481842041015936e-01 9.132849884033202859e-01 9.308455657958983887e-01 9.274933624267578391e-01 nan nan nan nan nan nan
nan nan nan nan nan nan nan 0.000000000000000000e+00 0.000000000000000000e+00 0.000000000000000000e+00 0.000000000000000000e+00 0.000000000000000000e+00 0.000000000000000000e+00 0.000000000000000000e+00 5.259259343147277589e-03 2.869614791870117032e-01 7.781674194335937988e-01 9.049303436279296786e-01 9.224600219726561967e-01 9.238222503662109064e-01 8.840770721435546875e-01 8.733896636962890092e-01 8.767883300781249556e-01 8.637466430664062500e-01 nan nan nan nan
nan nan nan nan nan nan nan nan 0.000000000000000000e+00 0.000000000000000000e+00 0.000000000000000000e+00 0.000000000000000000e+00 0.000000000000000000e+00 0.000000000000000000e+00 0.000000000000000000e+00 1.128592610359191971e-02 4.161570358276367454e-01 8.436822509765624645e-01 9.090577697753906561e-01 9.207155609130859286e-01 8.964037322998046342e-01 8.430236816406250222e-01 8.753926086425781738e-01 8.767428588867187678e-01 nan 9.426714324951172008e-01 9.217925262451172053e-01 nan
nan nan nan nan nan nan nan nan nan 0.000000000000000000e+00 0.000000000000000000e+00 0.000000000000000000e+00 0.000000000000000000e+00 0.000000000000000000e+00 0.000000000000000000e+00 0.000000000000000000e+00 1.815925955772399944e-02 3.473955535888672008e-01 7.292059326171874689e-01 9.106355285644531783e-01 9.155562591552733887e-01 9.124192810058593395e-01 8.911918640136718972e-01 8.822207641601562678e-01 7.762752532958984153e-01 9.122575378417968617e-01 9.478414916992187189e-01 nan
nan nan nan nan nan nan nan nan nan nan 0.000000000000000000e+00 0.000000000000000000e+00 0.000000000000000000e+00 0.000000000000000000e+00 0.000000000000000000e+00 0.000000000000000000e+00 0.000000000000000000e+00 8.486666679382325051e-03 1.728444480895996171e-01 4.781029510498047141e-01 8.103866577148437500e-01 9.171466827392578125e-01 9.125644683837890181e-01 9.451236724853515625e-01 9.235185241699218617e-01 9.494496154785155850e-01 9.753962707519531206e-01 nan
nan nan nan nan nan nan nan nan nan nan nan nan 0.000000000000000000e+00 0.000000000000000000e+00 0.000000000000000000e+00 0.000000000000000000e+00 0.000000000000000000e+00 0.000000000000000000e+00 0.000000000000000000e+00 7.348148226737976144e-03 2.516792678833008057e-01 6.862777709960937722e-01 8.506800079345703258e-01 9.433155822753905850e-01 9.588481140136718706e-01 9.777614593505858931e-01 9.823236846923828480e-01 nan
nan nan nan nan nan nan nan nan nan nan nan nan nan 0.000000000000000000e+00 0.000000000000000000e+00 0.000000000000000000e+00 0.000000000000000000e+00 0.000000000000000000e+00 0.000000000000000000e+00 0.000000000000000000e+00 0.000000000000000000e+00 1.101911067962646484e-01 3.464125823974609220e-01 8.272585296630858842e-01 9.622259521484375355e-01 9.837340545654297275e-01 9.864644622802734020e-01 nan
nan nan nan nan nan nan nan nan nan nan nan nan nan nan nan 0.000000000000000000e+00 0.000000000000000000e+00 0.000000000000000000e+00 0.000000000000000000e+00 0.000000000000000000e+00 0.000000000000000000e+00 0.000000000000000000e+00 1.103170394897460965e-01 7.561948394775390714e-01 9.609570312499999822e-01 9.596866607666015847e-01 9.803251647949218217e-01 nan
nan nan nan nan nan nan nan nan nan nan nan nan nan nan nan nan nan 0.000000000000000000e+00 0.000000000000000000e+00 0.000000000000000000e+00 0.000000000000000000e+00 1.287666678428649875e-02 1.193416714668273960e-02 4.754985046386718817e-01 9.076229858398437988e-01 9.436859130859375222e-01 9.686192321777343794e-01 nan
nan nan nan nan nan nan nan nan nan nan nan nan nan nan nan nan nan nan nan nan 2.725066661834716839e-02 nan nan 2.622777748107910090e-01 7.768910980224609242e-01 9.127310943603516025e-01 nan nan
