nan nan nan 0.000000000000000000e+00 0.000000000000000000e+00 0.000000000000000000e+00 nan nan nan nan nan nan nan nan nan nan nan nan nan nan nan nan nan nan nan nan nan nan
nan nan 0.000000000000000000e+00 0.000000000000000000e+00 0.000000000000000000e+00 0.000000000000000000e+00 0.000000000000000000e+00 nan nan nan nan nan nan nan nan nan nan nan nan nan nan nan nan nan nan nan nan nan
nan nan 0.000000000000000000e+00 0.000000000000000000e+00 0.000000000000000000e+00 0.000000000000000000e+00 0.000000000000000000e+00 2.101111173629760867e-02 nan nan nan nan nan nan nan nan nan nan nan nan nan nan nan nan nan nan nan nan
nan 0.000000000000000000e+00 0.000000000000000000e+00 0.000000000000000000e+00 0.000000000000000000e+00 0.000000000000000000e+00 0.000000000000000000e+00 0.000000000000000000e+00 2.408829689025878962e-01 nan nan nan nan nan nan nan nan nan nan nan nan nan nan nan nan nan nan nan
0.000000000000000000e+00 0.000000000000000000e+00 0.000000000000000000e+00 0.000000000000000000e+00 0.000000000000000000e+00 0.000000000000000000e+00 0.000000000000000000e+00 0.000000000000000000e+00 1.161229610443115234e-01 6.905229949951171564e-01 nan nan nan nan nan nan nan nan nan nan nan nan nan nan nan nan nan nan
0.000000000000000000e+00 0.000000000000000000e+00 0.000000000000000000e+00 0.000000000000000000e+00 0.000000000000000000e+00 0.000000000000000000e+00 0.000000000000000000e+00 0.000000000000000000e+00 1.083029651641845698e-01 4.659733200073242210e-01 nan nan nan nan nan nan nan nan nan nan nan nan nan nan nan nan nan nan
0.000000000000000000e+00 0.000000000000000000e+00 0.000000000000000000e+00 0.000000000000000000e+00 0.000000000000000000e+00 0.000000000000000000e+00 0.000000000000000000e+00 0.000000000000000000e+00 3.131429672241211049e-01 nan nan nan nan nan nan nan nan nan nan nan nan nan nan nan nan nan nan nan
0.000000000000000000e+00 0.000000000000000000e+00 0.000000000000000000e+00 0.000000000000000000e+00 0.000000000000000000e+00 0.000000000000000000e+00 0.000000000000000000e+00 2.150074005126953111e-02 5.280785369873046697e-01 nan nan nan nan nan nan nan nan nan nan nan nan nan nan nan nan nan nan nan
nan 0.000000000000000000e+00 0.000000000000000000e+00 0.000000000000000000e+00 0.000000000000000000e+00 0.000000000000000000e+00 0.000000000000000000e+00 7.487259387969970315e-02 6.223422241210937456e-01 8.953428649902344105e-01 nan nan nan nan nan nan nan nan nan nan nan nan nan nan nan nan nan nan
nan 0.000000000000000000e+00 0.000000000000000000e+00 0.000000000000000000e+00 0.000000000000000000e+00 0.000000000000000000e+00 0.000000000000000000e+00 1.157555580139160191e-02 3.261385345458984175e-01 8.455333709716796875e-01 nan nan nan nan nan nan nan nan nan nan nan nan nan nan nan nan nan nan
nan 0.000000000000000000e+00 0.000000000000000000e+00 0.000000000000000000e+00 0.000000000000000000e+00 0.000000000000000000e+00 0.000000000000000000e+00 1.063925981521606466e-02 3.223600006103515825e-01 8.364466857910156650e-01 nan nan nan nan nan nan nan nan nan nan nan nan nan nan nan nan nan nan
nan nan 0.000000000000000000e+00 0.000000000000000000e+00 0.000000000000000000e+00 0.000000000000000000e+00 0.000000000000000000e+00 1.005348110198974604e-01 6.097355651855468350e-01 9.312999725341797319e-01 nan nan nan nan nan nan nan nan nan nan nan nan nan nan nan nan nan nan
nan nan 0.000000000000000000e+00 0.000000000000000000e+00 0.000000000000000000e+00 2.391066551208496233e-02 0.000000000000000000e+00 2.335629701614379966e-02 4.652162933349609508e-01 8.846058654785156072e-01 nan nan nan nan nan nan nan nan nan nan nan nan nan nan nan nan nan nan
nan nan nan nan nan nan 0.000000000000000000e+00 0.000000000000000000e+00 2.748977851867675515e-01 8.344491577148437367e-01 nan nan nan nan nan nan nan nan nan nan nan nan nan nan nan nan nan nan
nan nan nan nan nan 5.623703598976135046e-03 0.000000000000000000e+00 0.000000000000000000e+00 1.163644409179687561e-01 6.984889221191405984e-01 9.429799652099609686e-01 nan nan nan nan nan nan nan nan nan nan nan nan nan nan nan nan nan
nan nan nan nan nan 0.000000000000000000e+00 0.000000000000000000e+00 0.000000000000000000e+00 2.942962944507598790e-03 4.032762908935547119e-01 8.287609863281250044e-01 nan nan nan nan nan nan nan nan nan nan nan nan nan nan nan nan nan
nan nan nan nan nan 0.000000000000000000e+00 0.000000000000000000e+00 0.000000000000000000e+00 0.000000000000000000e+00 9.643333435058593084e-02 6.542636871337890181e-01 8.258628845214843750e-01 8.833093261718749645e-01 9.295040130615234153e-01 nan 9.620233154296875533e-01 nan nan nan nan nan nan nan nan nan nan nan nan
nan nan nan nan 0.000000000000000000e+00 0.000000000000000000e+00 0.000000000000000000e+00 0.000000000000000000e+00 0.000000000000000000e+00 2.907407283782958811e-03 1.957288932800292924e-01 5.477614974975586470e-01 8.493540954589843262e-01 9.184111022949218439e-01 9.040599822998046653e-01 nan nan nan nan nan nan nan nan nan nan nan nan nan
nan nan nan nan nan 0.000000000000000000e+00 0.000000000000000000e+00 0.000000000000000000e+00 0.000000000000000000e+00 0.000000000000000000e+00 9.585185348987578825e-04 9.708073616027831920e-02 5.211370468139648882e-01 8.470770263671875133e-01 8.893970489501953347e-01 8.943888854980468484e-01 nan nan nan nan nan nan nan nan nan nan nan nan
nan nan nan nan nan nan 0.000000000000000000e+00 0.000000000000000000e+00 0.000000000000000000e+00 0.000000000000000000e+00 0.000000000000000000e+00 0.000000000000000000e+00 1.173533344268798823e-01 6.170355606079102051e-01 8.176837158203125178e-01 8.608333587646483931e-01 8.746955871582031694e-01 9.005577850341797141e-01 9.449600219726562722e-01 nan nan nan nan nan nan nan nan nan
nan nan nan nan nan nan nan 0.000000000000000000e+00 0.000000000000000000e+00 0.000000000000000000e+00 0.000000000000000000e+00 0.000000000000000000e+00 4.918962955474853738e-02 3.900873947143554954e-01 5.947496414184569868e-01 7.922666931152343439e-01 8.842273712158202903e-01 8.732207489013671387e-01 9.297281646728515758e-01 9.051999664306640270e-01 9.209967041015625355e-01 8.877566528320312012e-01 nan nan nan nan nan nan
nan nan nan nan nan nan nan 0.000000000000000000e+00 0.000000000000000000e+00 0.000000000000000000e+00 0.000000000000000000e+00 0.000000000000000000e+00 4.137777686119079555e-03 6.463555335998534546e-02 2.186103630065917847e-01 5.186792755126953258e-01 7.905992889404296342e-01 9.174095916748047363e-01 9.269014739990234508e-01 9.300267028808594238e-01 9.167429351806640758e-01 8.739888763427734464e-01 8.449658203125000044e-01 8.643199920654296431e-01 nan nan nan nan
nan nan nan nan nan nan nan nan 0.000000000000000000e+00 0.000000000000000000e+00 0.000000000000000000e+00 0.000000000000000000e+00 0.000000000000000000e+00 0.000000000000000000e+00 8.810370564460753839e-03 1.157703685760498036e-01 5.261259078979492188e-01 8.450614929199218306e-01 9.360726165771484641e-01 9.478836822509765225e-01 9.224548339843750000e-01 8.963170623779297408e-01 8.786926269531250000e-01 8.588638305664062500e-01 nan 9.785933685302734553e-01 9.313475036621093883e-01 nan
nan nan nan nan nan nan nan nan nan 0.000000000000000000e+00 0.000000000000000000e+00 0.000000000000000000e+00 0.000000000000000000e+00 0.000000000000000000e+00 0.000000000000000000e+00 0.000000000000000000e+00 1.712659263610839810e-01 6.009933471679687056e-01 8.808473968505858842e-01 9.246614837646484064e-01 9.245170593261718972e-01 8.935451507568359375e-01 8.803955841064453613e-01 8.712629699707030717e-01 7.699247741699218883e-01 9.167308044433594150e-01 9.494977569580078658e-01 nan
nan nan nan nan nan nan nan nan nan nan 0.000000000000000000e+00 0.000000000000000000e+00 0.000000000000000000e+00 0.000000000000000000e+00 0.000000000000000000e+00 0.000000000000000000e+00 8.563703894615172507e-03 1.880251884460449330e-01 4.938170242309570246e-01 5.362207412719726118e-01 7.524192810058594194e-01 8.592296600341796653e-01 8.777236938476562500e-01 8.838510894775390980e-01 8.847592926025390492e-01 9.134051513671874734e-01 9.243518829345702681e-01 nan
nan nan nan nan nan nan nan nan nan nan nan nan 0.000000000000000000e+00 0.000000000000000000e+00 0.000000000000000000e+00 0.000000000000000000e+00 0.000000000000000000e+00 0.000000000000000000e+00 3.231111049652099498e-02 3.952888965606689287e-02 1.787829589843749900e-01 5.480444335937499911e-01 7.288051605224609153e-01 8.667207336425781783e-01 8.673837280273437589e-01 8.752777862548828391e-01 8.804467010498047141e-01 nan
nan nan nan nan nan nan nan nan nan nan nan nan nan 0.000000000000000000e+00 0.000000000000000000e+00 0.000000000000000000e+00 0.000000000000000000e+00 0.000000000000000000e+00 0.000000000000000000e+00 0.000000000000000000e+00 0.000000000000000000e+00 6.036740779876709206e-02 2.136229705810546997e-01 6.111192703247070312e-01 8.673733520507812544e-01 8.683695983886718928e-01 8.864962768554687234e-01 nan
nan nan nan nan nan nan nan nan nan nan nan nan nan nan nan 0.000000000000000000e+00 0.000000000000000000e+00 0.000000000000000000e+00 0.000000000000000000e+00 0.000000000000000000e+00 0.000000000000000000e+00 0.000000000000000000e+00 1.307333350181579673e-02 3.425259399414062322e-01 8.640266418457031028e-01 8.759044647216797097e-01 9.024955749511718306e-01 nan
nan nan nan nan nan nan nan nan nan nan nan nan nan nan nan nan nan 0.000000000000000000e+00 0.000000000000000000e+00 0.000000000000000000e+00 0.000000000000000000e+00 9.000833630561828197e-03 0.000000000000000000e+00 1.111985206604003962e-01 4.628837203979492276e-01 8.156636810302734242e-01 8.924578094482421564e-01 nan
nan nan nan nan nan nan nan nan nan nan nan nan nan nan nan nan nan nan nan nan 2.405333280563354617e-02 nan nan 0.000000000000000000e+00 4.710740566253662082e-02 4.325177764892578214e-01 nan nan
