nan nan nan 0.000000000000000000e+00 0.000000000000000000e+00 0.000000000000000000e+00 nan nan nan nan nan nan nan nan nan nan nan nan nan nan nan nan nan nan nan nan nan nan
nan nan 0.000000000000000000e+00 0.000000000000000000e+00 0.000000000000000000e+00 0.000000000000000000e+00 0.000000000000000000e+00 nan nan nan nan nan nan nan nan nan nan nan nan nan nan nan nan nan nan nan nan nan
nan nan 0.000000000000000000e+00 0.000000000000000000e+00 0.000000000000000000e+00 0.000000000000000000e+00 0.000000000000000000e+00 0.000000000000000000e+00 nan nan nan nan nan nan nan nan nan nan nan nan nan nan nan nan nan nan nan nan
nan 0.000000000000000000e+00 0.000000000000000000e+00 0.000000000000000000e+00 0.000000000000000000e+00 0.000000000000000000e+00 0.000000000000000000e+00 0.000000000000000000e+00 0.000000000000000000e+00 nan nan nan nan nan nan nan nan nan nan nan nan nan nan nan nan nan nan nan
0.000000000000000000e+00 0.000000000000000000e+00 0.000000000000000000e+00 0.000000000000000000e+00 0.000000000000000000e+00 0.000000000000000000e+00 0.000000000000000000e+00 0.000000000000000000e+00 0.000000000000000000e+00 1.372063492063491964e-02 nan nan nan nan nan nan nan nan nan nan nan nan nan nan nan nan nan nan
0.000000000000000000e+00 0.000000000000000000e+00 0.000000000000000000e+00 0.000000000000000000e+00 0.000000000000000000e+00 0.000000000000000000e+00 0.000000000000000000e+00 0.000000000000000000e+00 0.000000000000000000e+00 1.825714285714285547e-03 nan nan nan nan nan nan nan nan nan nan nan nan nan nan nan nan nan nan
0.000000000000000000e+00 0.000000000000000000e+00 0.000000000000000000e+00 0.000000000000000000e+00 0.000000000000000000e+00 0.000000000000000000e+00 0.000000000000000000e+00 0.000000000000000000e+00 0.000000000000000000e+00 nan nan nan nan nan nan nan nan nan nan nan nan nan nan nan nan nan nan nan
0.000000000000000000e+00 0.000000000000000000e+00 0.000000000000000000e+00 0.000000000000000000e+00 0.000000000000000000e+00 0.000000000000000000e+00 0.000000000000000000e+00 0.000000000000000000e+00 8.585714285714286798e-03 nan nan nan nan nan nan nan nan nan nan nan nan nan nan nan nan nan nan nan
nan 0.000000000000000000e+00 0.000000000000000000e+00 0.000000000000000000e+00 0.000000000000000000e+00 0.000000000000000000e+00 0.000000000000000000e+00 1.736825396825396675e-02 6.402698412698412667e-02 1.871081632653061044e-01 nan nan nan nan nan nan nan nan nan nan nan nan nan nan nan nan nan nan
nan 0.000000000000000000e+00 0.000000000000000000e+00 0.000000000000000000e+00 0.000000000000000000e+00 0.000000000000000000e+00 0.000000000000000000e+00 9.238095238095237957e-03 4.563015873015873608e-02 1.868158730158729908e-01 nan nan nan nan nan nan nan nan nan nan nan nan nan nan nan nan nan nan
nan 0.000000000000000000e+00 0.000000000000000000e+00 0.000000000000000000e+00 0.000000000000000000e+00 0.000000000000000000e+00 0.000000000000000000e+00 4.908253968253968591e-02 2.293015873015873118e-02 2.333603174603174624e-01 nan nan nan nan nan nan nan nan nan nan nan nan nan nan nan nan nan nan
nan nan 0.000000000000000000e+00 0.000000000000000000e+00 0.000000000000000000e+00 0.000000000000000000e+00 9.736507936507937319e-03 2.684523809523809423e-01 4.021063492063492451e-01 5.611714285714285433e-01 nan nan nan nan nan nan nan nan nan nan nan nan nan nan nan nan nan nan
nan nan 0.000000000000000000e+00 0.000000000000000000e+00 0.000000000000000000e+00 2.140000000000000235e-02 4.631746031746031972e-03 3.035857142857142921e-01 5.135301587301587256e-01 5.179946428571429173e-01 nan nan nan nan nan nan nan nan nan nan nan nan nan nan nan nan nan nan
nan nan nan nan nan nan 0.000000000000000000e+00 7.260476190476190805e-02 3.843142857142857749e-01 4.101446428571429159e-01 nan nan nan nan nan nan nan nan nan nan nan nan nan nan nan nan nan nan
nan nan nan nan nan 8.233333333333335557e-03 0.000000000000000000e+00 2.087301587301587311e-03 2.392603174603174232e-01 4.254285714285714337e-01 4.959999999999999409e-01 nan nan nan nan nan nan nan nan nan nan nan nan nan nan nan nan nan
nan nan nan nan nan 0.000000000000000000e+00 0.000000000000000000e+00 0.000000000000000000e+00 6.549841269841269464e-02 4.175206349206350143e-01 5.083755102040816709e-01 nan nan nan nan nan nan nan nan nan nan nan nan nan nan nan nan nan
nan nan nan nan nan 0.000000000000000000e+00 0.000000000000000000e+00 0.000000000000000000e+00 1.095714285714285800e-02 3.966777777777777958e-01 7.287238095238096625e-01 8.346897959183674498e-01 8.373057142857142088e-01 9.495171428571428374e-01 nan 9.966928571428570471e-01 nan nan nan nan nan nan nan nan nan nan nan nan
nan nan nan nan 0.000000000000000000e+00 0.000000000000000000e+00 0.000000000000000000e+00 0.000000000000000000e+00 0.000000000000000000e+00 5.003174603174603136e-02 3.273412698412698218e-01 5.657111111111111645e-01 7.604952380952380020e-01 8.150619047619048763e-01 8.888232142857142026e-01 nan nan nan nan nan nan nan nan nan nan nan nan nan
nan nan nan nan nan 0.000000000000000000e+00 0.000000000000000000e+00 0.000000000000000000e+00 0.000000000000000000e+00 0.000000000000000000e+00 2.012698412698412601e-03 6.502539682539681953e-02 4.175126984126984464e-01 7.097809523809525123e-01 6.693079365079364074e-01 7.453119047619047866e-01 nan nan nan nan nan nan nan nan nan nan nan nan
nan nan nan nan nan nan 0.000000000000000000e+00 0.000000000000000000e+00 0.000000000000000000e+00 0.000000000000000000e+00 0.000000000000000000e+00 0.000000000000000000e+00 3.726984126984127232e-02 4.126269841269841199e-01 6.695936507936509630e-01 6.597714285714285642e-01 7.417119047619048500e-01 8.989714285714285325e-01 9.862257142857143721e-01 nan nan nan nan nan nan nan nan nan
nan nan nan nan nan nan nan 0.000000000000000000e+00 0.000000000000000000e+00 0.000000000000000000e+00 0.000000000000000000e+00 0.000000000000000000e+00 0.000000000000000000e+00 1.781904761904761977e-02 2.320412698412698538e-01 5.593317460317460688e-01 7.521761904761903317e-01 8.225317460317461693e-01 9.570841269841270371e-01 9.365321428571428131e-01 9.704261904761903867e-01 9.352678571428570953e-01 nan nan nan nan nan nan
nan nan nan nan nan nan nan 0.000000000000000000e+00 0.000000000000000000e+00 0.000000000000000000e+00 0.000000000000000000e+00 0.000000000000000000e+00 0.000000000000000000e+00 0.000000000000000000e+00 1.779365079365079379e-03 1.511031746031746281e-01 6.824730158730158980e-01 9.063015873015872748e-01 8.992079365079365116e-01 9.205682539682540355e-01 9.055555555555555580e-01 8.822507936507938409e-01 9.039589285714285660e-01 8.843428571428570972e-01 nan nan nan nan
nan nan nan nan nan nan nan nan 0.000000000000000000e+00 0.000000000000000000e+00 0.000000000000000000e+00 0.000000000000000000e+00 0.000000000000000000e+00 0.000000000000000000e+00 0.000000000000000000e+00 0.000000000000000000e+00 2.439476190476190243e-01 7.271857142857143241e-01 8.748015873015873023e-01 8.882825396825395625e-01 8.678349206349207368e-01 8.637285714285716232e-01 8.489825396825396719e-01 6.998959183673468809e-01 nan 9.566224489795920327e-01 9.250446428571428292e-01 nan
nan nan nan nan nan nan nan nan nan 0.000000000000000000e+00 0.000000000000000000e+00 0.000000000000000000e+00 0.000000000000000000e+00 0.000000000000000000e+00 0.000000000000000000e+00 0.000000000000000000e+00 0.000000000000000000e+00 2.197571428571429009e-01 6.761539682539683405e-01 7.900714285714286467e-01 8.102333333333332499e-01 8.051984126984126355e-01 7.986984126984126853e-01 7.285571428571430141e-01 7.131897959183673974e-01 8.749607142857143138e-01 9.112317460317460593e-01 nan
nan nan nan nan nan nan nan nan nan nan 0.000000000000000000e+00 0.000000000000000000e+00 0.000000000000000000e+00 0.000000000000000000e+00 0.000000000000000000e+00 0.000000000000000000e+00 0.000000000000000000e+00 0.000000000000000000e+00 1.905714285714285583e-01 4.965317460317459908e-01 6.904825396825395867e-01 7.571571428571429729e-01 8.052396825396824775e-01 8.473761904761905051e-01 8.573000000000000620e-01 8.663555555555556564e-01 9.326349206349207055e-01 nan
nan nan nan nan nan nan nan nan nan nan nan nan 0.000000000000000000e+00 0.000000000000000000e+00 0.000000000000000000e+00 0.000000000000000000e+00 0.000000000000000000e+00 0.000000000000000000e+00 0.000000000000000000e+00 4.561587301587301246e-02 2.697650793650793744e-01 6.573539682539681905e-01 7.830936507936507862e-01 8.428952380952381418e-01 8.893460317460316622e-01 9.201777777777777612e-01 9.545650793650795052e-01 nan
nan nan nan nan nan nan nan nan nan nan nan nan nan 0.000000000000000000e+00 0.000000000000000000e+00 0.000000000000000000e+00 0.000000000000000000e+00 0.000000000000000000e+00 0.000000000000000000e+00 0.000000000000000000e+00 5.873015873015873661e-03 2.815158730158729972e-01 5.392730158730159040e-01 8.101730158730157116e-01 9.142269841269842212e-01 9.395888888888888069e-01 9.650571428571429466e-01 nan
nan nan nan nan nan nan nan nan nan nan nan nan nan nan nan 0.000000000000000000e+00 0.000000000000000000e+00 0.000000000000000000e+00 0.000000000000000000e+00 0.000000000000000000e+00 0.000000000000000000e+00 0.000000000000000000e+00 1.165634920634920912e-01 5.501777777777777656e-01 8.731777777777778304e-01 9.010142857142856565e-01 9.682841269841269138e-01 nan
nan nan nan nan nan nan nan nan nan nan nan nan nan nan nan nan nan 0.000000000000000000e+00 0.000000000000000000e+00 0.000000000000000000e+00 0.000000000000000000e+00 1.378392857142857197e-02 0.000000000000000000e+00 8.273968253968254360e-02 5.830285714285714516e-01 9.154619047619046990e-01 9.677761904761902345e-01 nan
nan nan nan nan nan nan nan nan nan nan nan nan nan nan nan nan nan nan nan nan 5.896285714285715018e-02 nan nan 0.000000000000000000e+00 1.168682539682539823e-01 7.400523809523810170e-01 nan nan
