nan nan nan 0.000000000000000000e+00 0.000000000000000000e+00 0.000000000000000000e+00 nan nan nan nan nan nan nan nan nan nan nan nan nan nan nan nan nan nan nan nan nan nan
nan nan 0.000000000000000000e+00 0.000000000000000000e+00 0.000000000000000000e+00 0.000000000000000000e+00 3.857777714729308891e-03 nan nan nan nan nan nan nan nan nan nan nan nan nan nan nan nan nan nan nan nan nan
nan nan 0.000000000000000000e+00 0.000000000000000000e+00 0.000000000000000000e+00 0.000000000000000000e+00 0.000000000000000000e+00 5.257037162780761608e-02 nan nan nan nan nan nan nan nan nan nan nan nan nan nan nan nan nan nan nan nan
nan 0.000000000000000000e+00 0.000000000000000000e+00 0.000000000000000000e+00 0.000000000000000000e+00 0.000000000000000000e+00 0.000000000000000000e+00 5.982221961021423270e-03 2.216303634643554676e-01 nan nan nan nan nan nan nan nan nan nan nan nan nan nan nan nan nan nan nan
0.000000000000000000e+00 0.000000000000000000e+00 0.000000000000000000e+00 0.000000000000000000e+00 0.000000000000000000e+00 0.000000000000000000e+00 0.000000000000000000e+00 0.000000000000000000e+00 1.120807361602783186e-01 7.605666351318359775e-01 nan nan nan nan nan nan nan nan nan nan nan nan nan nan nan nan nan nan
0.000000000000000000e+00 0.000000000000000000e+00 0.000000000000000000e+00 0.000000000000000000e+00 0.000000000000000000e+00 0.000000000000000000e+00 0.000000000000000000e+00 0.000000000000000000e+00 1.804985237121582153e-01 6.575080108642578081e-01 nan nan nan nan nan nan nan nan nan nan nan nan nan nan nan nan nan nan
0.000000000000000000e+00 0.000000000000000000e+00 0.000000000000000000e+00 0.000000000000000000e+00 0.000000000000000000e+00 0.000000000000000000e+00 0.000000000000000000e+00 7.665926218032836567e-03 4.021525955200195290e-01 nan nan nan nan nan nan nan nan nan nan nan nan nan nan nan nan nan nan nan
0.000000000000000000e+00 0.000000000000000000e+00 0.000000000000000000e+00 0.000000000000000000e+00 0.000000000000000000e+00 0.000000000000000000e+00 0.000000000000000000e+00 4.437037110328674594e-03 4.127696228027343817e-01 nan nan nan nan nan nan nan nan nan nan nan nan nan nan nan nan nan nan nan
nan 0.000000000000000000e+00 0.000000000000000000e+00 0.000000000000000000e+00 0.000000000000000000e+00 0.000000000000000000e+00 0.000000000000000000e+00 8.579259514808654577e-03 3.796881484985351607e-01 8.956638336181640403e-01 nan nan nan nan nan nan nan nan nan nan nan nan nan nan nan nan nan nan
nan 0.000000000000000000e+00 0.000000000000000000e+00 0.000000000000000000e+00 0.000000000000000000e+00 0.000000000000000000e+00 0.000000000000000000e+00 3.030370473861694353e-03 1.872985267639160067e-01 7.572874450683593217e-01 nan nan nan nan nan nan nan nan nan nan nan nan nan nan nan nan nan nan
nan 0.000000000000000000e+00 0.000000000000000000e+00 0.000000000000000000e+00 0.000000000000000000e+00 0.000000000000000000e+00 0.000000000000000000e+00 0.000000000000000000e+00 9.953185081481934204e-02 6.565133666992187811e-01 nan nan nan nan nan nan nan nan nan nan nan nan nan nan nan nan nan nan
nan nan 0.000000000000000000e+00 0.000000000000000000e+00 0.000000000000000000e+00 0.000000000000000000e+00 0.000000000000000000e+00 1.436296254396438694e-03 2.530163002014160223e-01 8.470155334472656561e-01 nan nan nan nan nan nan nan nan nan nan nan nan nan nan nan nan nan nan
nan nan 0.000000000000000000e+00 0.000000000000000000e+00 2.340466690063476574e-01 2.364266633987426730e-02 0.000000000000000000e+00 8.888889104127883477e-04 2.547170448303222590e-01 8.049883270263671342e-01 nan nan nan nan nan nan nan nan nan nan nan nan nan nan nan nan nan nan
nan nan nan nan nan nan 0.000000000000000000e+00 0.000000000000000000e+00 1.837162971496582031e-01 7.994441986083984375e-01 nan nan nan nan nan nan nan nan nan nan nan nan nan nan nan nan nan nan
nan nan nan nan nan 9.825184941291809082e-03 0.000000000000000000e+00 0.000000000000000000e+00 9.994962692260742076e-02 6.931925964355468706e-01 9.225766754150390714e-01 nan nan nan nan nan nan nan nan nan nan nan nan nan nan nan nan nan
nan nan nan nan nan 0.000000000000000000e+00 0.000000000000000000e+00 0.000000000000000000e+00 6.649629473686218505e-03 3.874059295654296853e-01 7.612790679931640270e-01 nan nan nan nan nan nan nan nan nan nan nan nan nan nan nan nan nan
nan nan nan nan nan 0.000000000000000000e+00 0.000000000000000000e+00 0.000000000000000000e+00 0.000000000000000000e+00 1.314711093902588002e-01 7.263155364990234730e-01 8.605133056640624778e-01 9.034026336669921387e-01 9.651853179931640936e-01 nan 9.694866943359374822e-01 nan nan nan nan nan nan nan nan nan nan nan nan
nan nan nan nan 0.000000000000000000e+00 0.000000000000000000e+00 0.000000000000000000e+00 0.000000000000000000e+00 0.000000000000000000e+00 1.565555572509765708e-02 3.175362968444824241e-01 6.202081298828124867e-01 8.529970550537109286e-01 9.022392272949218972e-01 9.301841735839844194e-01 nan nan nan nan nan nan nan nan nan nan nan nan nan
nan nan nan nan nan 0.000000000000000000e+00 0.000000000000000000e+00 0.000000000000000000e+00 0.000000000000000000e+00 0.000000000000000000e+00 4.322963058948517054e-03 1.156296253204345675e-01 5.448370361328125355e-01 8.564044189453124956e-01 8.813244628906250488e-01 8.910566711425781383e-01 nan nan nan nan nan nan nan nan nan nan nan nan
nan nan nan nan nan nan 0.000000000000000000e+00 0.000000000000000000e+00 0.000000000000000000e+00 0.000000000000000000e+00 0.000000000000000000e+00 0.000000000000000000e+00 9.357036590576171819e-02 5.359429550170898837e-01 7.954792785644531072e-01 8.940822601318358931e-01 8.999944305419922408e-01 9.169178009033203125e-01 9.750440216064453214e-01 nan nan nan nan nan nan nan nan nan
nan nan nan nan nan nan nan 0.000000000000000000e+00 0.000000000000000000e+00 0.000000000000000000e+00 0.000000000000000000e+00 0.000000000000000000e+00 0.000000000000000000e+00 6.489777565002441406e-02 4.006385040283202970e-01 7.802911376953125533e-01 9.214518737792968262e-01 9.462436676025390847e-01 9.498859405517577903e-01 9.246183013916016158e-01 9.488544464111328125e-01 9.090333557128906783e-01 nan nan nan nan nan nan
nan nan nan nan nan nan nan 0.000000000000000000e+00 0.000000000000000000e+00 0.000000000000000000e+00 0.000000000000000000e+00 0.000000000000000000e+00 0.000000000000000000e+00 3.374814689159393467e-03 1.054407405853271529e-01 4.484259414672851496e-01 7.729696655273436967e-01 9.145274353027343928e-01 9.837081146240234109e-01 9.744563293457031428e-01 9.466703796386718439e-01 9.058133697509765936e-01 8.977317047119141025e-01 8.806999969482421919e-01 nan nan nan nan
nan nan nan nan nan nan nan nan 0.000000000000000000e+00 0.000000000000000000e+00 0.000000000000000000e+00 0.000000000000000000e+00 0.000000000000000000e+00 0.000000000000000000e+00 0.000000000000000000e+00 8.333999633789063166e-02 5.606763076782226296e-01 9.008214569091796964e-01 9.778325653076171964e-01 9.887651824951171342e-01 9.806836700439452992e-01 9.453340911865234508e-01 9.349118804931640936e-01 8.525828552246094150e-01 nan 9.441438293457031783e-01 8.938533020019531206e-01 nan
nan nan nan nan nan nan nan nan nan 0.000000000000000000e+00 0.000000000000000000e+00 0.000000000000000000e+00 0.000000000000000000e+00 0.000000000000000000e+00 0.000000000000000000e+00 0.000000000000000000e+00 1.252303695678710915e-01 5.801948165893554554e-01 9.052851867675780762e-01 9.607170104980469194e-01 9.750014495849609331e-01 9.721829986572265714e-01 9.365637207031249911e-01 8.712607574462890581e-01 7.960228729248046697e-01 8.964275360107422097e-01 9.395384979248047053e-01 nan
nan nan nan nan nan nan nan nan nan nan 0.000000000000000000e+00 0.000000000000000000e+00 0.000000000000000000e+00 0.000000000000000000e+00 0.000000000000000000e+00 0.000000000000000000e+00 0.000000000000000000e+00 1.521725940704345692e-01 5.367051696777344061e-01 6.967125701904296475e-01 8.549977874755859686e-01 9.266725921630859508e-01 9.352985382080077903e-01 9.221141052246093484e-01 9.239962768554687012e-01 9.402814483642578658e-01 9.349081420898437411e-01 nan
nan nan nan nan nan nan nan nan nan nan nan nan 0.000000000000000000e+00 0.000000000000000000e+00 0.000000000000000000e+00 0.000000000000000000e+00 0.000000000000000000e+00 4.118518531322478901e-03 6.595703601837157870e-02 1.324155521392822166e-01 4.972726058959960893e-01 8.401362609863280984e-01 8.845162963867188033e-01 9.113125610351562322e-01 9.162414550781250444e-01 9.134074401855468706e-01 9.197296142578125222e-01 nan
nan nan nan nan nan nan nan nan nan nan nan nan nan 0.000000000000000000e+00 0.000000000000000000e+00 0.000000000000000000e+00 0.000000000000000000e+00 0.000000000000000000e+00 0.000000000000000000e+00 0.000000000000000000e+00 7.527259349822998380e-02 4.530029678344726363e-01 6.681274414062500222e-01 8.819829559326172186e-01 8.977518463134765980e-01 9.057555389404297053e-01 9.101755523681640536e-01 nan
nan nan nan nan nan nan nan nan nan nan nan nan nan nan nan 0.000000000000000000e+00 0.000000000000000000e+00 0.000000000000000000e+00 0.000000000000000000e+00 0.000000000000000000e+00 0.000000000000000000e+00 2.487777709960937653e-02 3.880585098266601807e-01 8.403155517578124734e-01 9.253740692138672230e-01 9.086377716064453214e-01 9.017311096191406028e-01 nan
nan nan nan nan nan nan nan nan nan nan nan nan nan nan nan nan nan 0.000000000000000000e+00 0.000000000000000000e+00 0.000000000000000000e+00 0.000000000000000000e+00 1.223916649818420493e-02 6.609833240509033203e-02 4.777362823486328014e-01 8.572029876708984197e-01 9.663829803466796875e-01 9.443421936035156783e-01 nan
nan nan nan nan nan nan nan nan nan nan nan nan nan nan nan nan nan nan nan nan 3.273600101470947044e-02 nan nan 9.090741157531738448e-02 3.872185134887695113e-01 8.537000274658202992e-01 nan nan
