nan nan nan 0.000000000000000000e+00 0.000000000000000000e+00 0.000000000000000000e+00 nan nan nan nan nan nan nan nan nan nan nan nan nan nan nan nan nan nan nan nan nan nan
nan nan 0.000000000000000000e+00 0.000000000000000000e+00 0.000000000000000000e+00 0.000000000000000000e+00 2.778518497943878191e-03 nan nan nan nan nan nan nan nan nan nan nan nan nan nan nan nan nan nan nan nan nan
nan nan 0.000000000000000000e+00 0.000000000000000000e+00 0.000000000000000000e+00 0.000000000000000000e+00 0.000000000000000000e+00 5.699555397033691240e-02 nan nan nan nan nan nan nan nan nan nan nan nan nan nan nan nan nan nan nan nan
nan 0.000000000000000000e+00 0.000000000000000000e+00 0.000000000000000000e+00 0.000000000000000000e+00 0.000000000000000000e+00 0.000000000000000000e+00 2.298518568277359026e-03 2.224837112426757690e-01 nan nan nan nan nan nan nan nan nan nan nan nan nan nan nan nan nan nan nan
0.000000000000000000e+00 0.000000000000000000e+00 0.000000000000000000e+00 0.000000000000000000e+00 0.000000000000000000e+00 0.000000000000000000e+00 0.000000000000000000e+00 0.000000000000000000e+00 1.104392623901367249e-01 5.660207366943359464e-01 nan nan nan nan nan nan nan nan nan nan nan nan nan nan nan nan nan nan
0.000000000000000000e+00 0.000000000000000000e+00 0.000000000000000000e+00 0.000000000000000000e+00 0.000000000000000000e+00 0.000000000000000000e+00 0.000000000000000000e+00 2.788888812065124564e-03 1.543200016021728516e-01 4.296586608886718839e-01 nan nan nan nan nan nan nan nan nan nan nan nan nan nan nan nan nan nan
0.000000000000000000e+00 0.000000000000000000e+00 0.000000000000000000e+00 0.000000000000000000e+00 0.000000000000000000e+00 0.000000000000000000e+00 0.000000000000000000e+00 1.931333303451538211e-02 4.085059356689453303e-01 nan nan nan nan nan nan nan nan nan nan nan nan nan nan nan nan nan nan nan
0.000000000000000000e+00 0.000000000000000000e+00 0.000000000000000000e+00 0.000000000000000000e+00 0.000000000000000000e+00 0.000000000000000000e+00 0.000000000000000000e+00 1.416962981224060072e-02 4.258251953125000155e-01 nan nan nan nan nan nan nan nan nan nan nan nan nan nan nan nan nan nan nan
nan 0.000000000000000000e+00 0.000000000000000000e+00 0.000000000000000000e+00 0.000000000000000000e+00 0.000000000000000000e+00 0.000000000000000000e+00 8.092444419860839178e-02 5.069511032104492276e-01 8.212057495117187633e-01 nan nan nan nan nan nan nan nan nan nan nan nan nan nan nan nan nan nan
nan 0.000000000000000000e+00 0.000000000000000000e+00 0.000000000000000000e+00 0.000000000000000000e+00 0.000000000000000000e+00 0.000000000000000000e+00 3.400963068008423101e-02 3.114955520629882901e-01 6.277399826049804288e-01 nan nan nan nan nan nan nan nan nan nan nan nan nan nan nan nan nan nan
nan 0.000000000000000000e+00 0.000000000000000000e+00 0.000000000000000000e+00 0.000000000000000000e+00 0.000000000000000000e+00 0.000000000000000000e+00 0.000000000000000000e+00 1.024711132049560547e-01 5.106837081909180176e-01 nan nan nan nan nan nan nan nan nan nan nan nan nan nan nan nan nan nan
nan nan 0.000000000000000000e+00 0.000000000000000000e+00 0.000000000000000000e+00 0.000000000000000000e+00 0.000000000000000000e+00 1.888444423675537248e-02 3.666770553588867276e-01 8.148192596435547275e-01 nan nan nan nan nan nan nan nan nan nan nan nan nan nan nan nan nan nan
nan nan 0.000000000000000000e+00 0.000000000000000000e+00 2.167177772521972634e-01 2.465333223342895674e-02 0.000000000000000000e+00 1.412814855575561523e-02 4.090651702880859220e-01 8.358425140380859597e-01 nan nan nan nan nan nan nan nan nan nan nan nan nan nan nan nan nan nan
nan nan nan nan nan nan 0.000000000000000000e+00 4.342963099479675397e-03 3.518770217895507701e-01 7.911100006103515270e-01 nan nan nan nan nan nan nan nan nan nan nan nan nan nan nan nan nan nan
nan nan nan nan nan 6.985926032066345180e-03 0.000000000000000000e+00 9.422222524881362395e-04 2.018429565429687433e-01 6.583392333984374734e-01 8.415567016601562811e-01 nan nan nan nan nan nan nan nan nan nan nan nan nan nan nan nan nan
nan nan nan nan nan 0.000000000000000000e+00 0.000000000000000000e+00 0.000000000000000000e+00 1.259037017822265542e-02 4.432873916625976740e-01 7.804762268066406383e-01 nan nan nan nan nan nan nan nan nan nan nan nan nan nan nan nan nan
nan nan nan nan nan 0.000000000000000000e+00 0.000000000000000000e+00 0.000000000000000000e+00 0.000000000000000000e+00 1.586192607879638727e-01 6.971629333496093262e-01 8.370571136474609375e-01 9.134866333007812811e-01 9.544373321533202725e-01 nan 9.648166656494140403e-01 nan nan nan nan nan nan nan nan nan nan nan nan
nan nan nan nan 0.000000000000000000e+00 0.000000000000000000e+00 0.000000000000000000e+00 0.000000000000000000e+00 0.000000000000000000e+00 8.600000143051147322e-03 2.343251800537109464e-01 5.857688903808593306e-01 8.658489227294922097e-01 9.117718505859374600e-01 9.401166534423828214e-01 nan nan nan nan nan nan nan nan nan nan nan nan nan
nan nan nan nan nan 0.000000000000000000e+00 0.000000000000000000e+00 0.000000000000000000e+00 0.000000000000000000e+00 0.000000000000000000e+00 0.000000000000000000e+00 1.071414852142334034e-01 5.617763137817383123e-01 8.454311370849609819e-01 9.012340545654297097e-01 8.893666839599609908e-01 nan nan nan nan nan nan nan nan nan nan nan nan
nan nan nan nan nan nan 0.000000000000000000e+00 0.000000000000000000e+00 0.000000000000000000e+00 0.000000000000000000e+00 0.000000000000000000e+00 0.000000000000000000e+00 1.049437046051025363e-01 5.132785034179687678e-01 7.670510864257812367e-01 8.624037170410155939e-01 8.858999633789061967e-01 9.217578124999999956e-01 9.754199981689453125e-01 nan nan nan nan nan nan nan nan nan
nan nan nan nan nan nan nan 0.000000000000000000e+00 0.000000000000000000e+00 0.000000000000000000e+00 0.000000000000000000e+00 0.000000000000000000e+00 0.000000000000000000e+00 1.168651866912841786e-01 4.755903625488281383e-01 7.664451599121093750e-01 9.039066314697266069e-01 9.398140716552734197e-01 9.465859222412109641e-01 9.147783660888672008e-01 9.615955352783203125e-01 9.205416870117187900e-01 nan nan nan nan nan nan
nan nan nan nan nan nan nan 0.000000000000000000e+00 0.000000000000000000e+00 0.000000000000000000e+00 0.000000000000000000e+00 0.000000000000000000e+00 0.000000000000000000e+00 3.708148002624511805e-03 9.541851997375488947e-02 4.842229461669921853e-01 8.272570037841796564e-01 9.276399993896484730e-01 9.369622039794921475e-01 9.352963256835937766e-01 9.353570556640624645e-01 9.118703460693359242e-01 9.197091674804687145e-01 8.882733154296874600e-01 nan nan nan nan
nan nan nan nan nan nan nan nan 0.000000000000000000e+00 0.000000000000000000e+00 0.000000000000000000e+00 0.000000000000000000e+00 0.000000000000000000e+00 0.000000000000000000e+00 0.000000000000000000e+00 1.009925937652587924e-01 6.405288696289062056e-01 8.858036804199218572e-01 9.169718170166015758e-01 9.268829345703124556e-01 9.262162780761719061e-01 9.274229431152343217e-01 9.193363189697265625e-01 8.396942901611328391e-01 nan 9.304895019531249645e-01 8.849291992187500178e-01 nan
nan nan nan nan nan nan nan nan nan 0.000000000000000000e+00 0.000000000000000000e+00 0.000000000000000000e+00 0.000000000000000000e+00 0.000000000000000000e+00 0.000000000000000000e+00 0.000000000000000000e+00 1.393770408630371216e-01 5.733874130249023704e-01 8.293466949462890980e-01 8.881644439697266025e-01 9.253503417968750311e-01 9.133296203613281428e-01 8.870340728759765758e-01 8.421570587158203613e-01 7.750875854492187411e-01 8.738608551025390803e-01 9.267540740966796475e-01 nan
nan nan nan nan nan nan nan nan nan nan 0.000000000000000000e+00 0.000000000000000000e+00 0.000000000000000000e+00 0.000000000000000000e+00 0.000000000000000000e+00 0.000000000000000000e+00 0.000000000000000000e+00 7.162666797637939897e-02 3.643340682983398637e-01 6.261977767944335582e-01 8.643014526367187589e-01 9.064666748046874556e-01 9.008629608154297141e-01 9.129096221923828081e-01 9.030288696289062722e-01 9.194763183593750444e-01 9.354673767089843883e-01 nan
nan nan nan nan nan nan nan nan nan nan nan nan 0.000000000000000000e+00 0.000000000000000000e+00 0.000000000000000000e+00 0.000000000000000000e+00 0.000000000000000000e+00 0.000000000000000000e+00 0.000000000000000000e+00 9.126667022705077514e-02 5.725592422485351607e-01 8.437696075439453658e-01 8.613829803466797053e-01 9.072222137451171342e-01 9.030792236328124556e-01 9.075296020507812589e-01 9.205673980712890669e-01 nan
nan nan nan nan nan nan nan nan nan nan nan nan nan 0.000000000000000000e+00 0.000000000000000000e+00 0.000000000000000000e+00 0.000000000000000000e+00 0.000000000000000000e+00 0.000000000000000000e+00 0.000000000000000000e+00 8.388814926147461493e-02 5.369466781616211160e-01 7.547563171386718617e-01 8.832688903808594283e-01 9.058651733398437322e-01 9.021652221679687944e-01 9.143155670166015492e-01 nan
nan nan nan nan nan nan nan nan nan nan nan nan nan nan nan 0.000000000000000000e+00 0.000000000000000000e+00 0.000000000000000000e+00 0.000000000000000000e+00 0.000000000000000000e+00 0.000000000000000000e+00 5.574814796447753740e-02 4.938740921020507990e-01 8.610666656494140314e-01 9.143385314941405717e-01 8.976859283447266025e-01 9.152177429199218617e-01 nan
nan nan nan nan nan nan nan nan nan nan nan nan nan nan nan nan nan 0.000000000000000000e+00 0.000000000000000000e+00 0.000000000000000000e+00 0.000000000000000000e+00 1.234916687011718833e-02 2.203916740417480591e-01 7.344963073730468306e-01 9.190689086914062278e-01 9.265992736816406339e-01 9.219511413574218439e-01 nan
nan nan nan nan nan nan nan nan nan nan nan nan nan nan nan nan nan nan nan nan 3.478266716003417663e-02 nan nan 4.000259399414062278e-01 7.888911437988280762e-01 9.264814758300781161e-01 nan nan
