nan nan nan 0.000000000000000000e+00 0.000000000000000000e+00 0.000000000000000000e+00 nan nan nan nan nan nan nan nan nan nan nan nan nan nan nan nan nan nan nan nan nan nan
nan nan 0.000000000000000000e+00 0.000000000000000000e+00 0.000000000000000000e+00 0.000000000000000000e+00 0.000000000000000000e+00 nan nan nan nan nan nan nan nan nan nan nan nan nan nan nan nan nan nan nan nan nan
nan nan 0.000000000000000000e+00 0.000000000000000000e+00 0.000000000000000000e+00 0.000000000000000000e+00 0.000000000000000000e+00 3.085703611373901215e-02 nan nan nan nan nan nan nan nan nan nan nan nan nan nan nan nan nan nan nan nan
nan 0.000000000000000000e+00 0.000000000000000000e+00 0.000000000000000000e+00 0.000000000000000000e+00 0.000000000000000000e+00 0.000000000000000000e+00 0.000000000000000000e+00 1.352081489562988181e-01 nan nan nan nan nan nan nan nan nan nan nan nan nan nan nan nan nan nan nan
0.000000000000000000e+00 0.000000000000000000e+00 0.000000000000000000e+00 0.000000000000000000e+00 0.000000000000000000e+00 0.000000000000000000e+00 0.000000000000000000e+00 0.000000000000000000e+00 7.837852001190186157e-02 6.168740844726562367e-01 nan nan nan nan nan nan nan nan nan nan nan nan nan nan nan nan nan nan
0.000000000000000000e+00 0.000000000000000000e+00 0.000000000000000000e+00 0.000000000000000000e+00 0.000000000000000000e+00 0.000000000000000000e+00 0.000000000000000000e+00 0.000000000000000000e+00 1.046244430541992121e-01 4.225293350219726518e-01 nan nan nan nan nan nan nan nan nan nan nan nan nan nan nan nan nan nan
0.000000000000000000e+00 0.000000000000000000e+00 0.000000000000000000e+00 0.000000000000000000e+00 0.000000000000000000e+00 0.000000000000000000e+00 0.000000000000000000e+00 2.810370326042175432e-03 2.809770393371582298e-01 nan nan nan nan nan nan nan nan nan nan nan nan nan nan nan nan nan nan nan
0.000000000000000000e+00 0.000000000000000000e+00 0.000000000000000000e+00 0.000000000000000000e+00 0.000000000000000000e+00 0.000000000000000000e+00 0.000000000000000000e+00 2.258518487215041906e-03 2.826733398437499822e-01 nan nan nan nan nan nan nan nan nan nan nan nan nan nan nan nan nan nan nan
nan 0.000000000000000000e+00 0.000000000000000000e+00 0.000000000000000000e+00 0.000000000000000000e+00 0.000000000000000000e+00 0.000000000000000000e+00 3.304592609405517661e-02 4.218022155761718683e-01 8.566695404052734331e-01 nan nan nan nan nan nan nan nan nan nan nan nan nan nan nan nan nan nan
nan 0.000000000000000000e+00 0.000000000000000000e+00 0.000000000000000000e+00 0.000000000000000000e+00 0.000000000000000000e+00 0.000000000000000000e+00 3.845185041427612305e-03 2.179636955261230469e-01 8.068896484374999956e-01 nan nan nan nan nan nan nan nan nan nan nan nan nan nan nan nan nan nan
nan 0.000000000000000000e+00 0.000000000000000000e+00 0.000000000000000000e+00 0.000000000000000000e+00 0.000000000000000000e+00 0.000000000000000000e+00 5.714814662933349193e-03 1.827229690551757935e-01 7.171399688720703214e-01 nan nan nan nan nan nan nan nan nan nan nan nan nan nan nan nan nan nan
nan nan 0.000000000000000000e+00 0.000000000000000000e+00 0.000000000000000000e+00 0.000000000000000000e+00 0.000000000000000000e+00 2.888000011444091797e-02 3.497355651855468817e-01 8.803829956054687322e-01 nan nan nan nan nan nan nan nan nan nan nan nan nan nan nan nan nan nan
nan nan 0.000000000000000000e+00 0.000000000000000000e+00 0.000000000000000000e+00 2.406666755676269490e-02 0.000000000000000000e+00 4.605185091495513777e-03 2.301503753662109408e-01 7.766983032226562056e-01 nan nan nan nan nan nan nan nan nan nan nan nan nan nan nan nan nan nan
nan nan nan nan nan nan 0.000000000000000000e+00 0.000000000000000000e+00 8.336962699890136663e-02 6.982366943359374911e-01 nan nan nan nan nan nan nan nan nan nan nan nan nan nan nan nan nan nan
nan nan nan nan nan 5.289629697799682305e-03 0.000000000000000000e+00 0.000000000000000000e+00 3.494518518447876226e-02 5.748585128784179377e-01 9.506266784667968262e-01 nan nan nan nan nan nan nan nan nan nan nan nan nan nan nan nan nan
nan nan nan nan nan 0.000000000000000000e+00 0.000000000000000000e+00 0.000000000000000000e+00 9.711111336946487557e-04 2.797859191894531139e-01 8.274362182617187589e-01 nan nan nan nan nan nan nan nan nan nan nan nan nan nan nan nan nan
nan nan nan nan nan 0.000000000000000000e+00 0.000000000000000000e+00 0.000000000000000000e+00 0.000000000000000000e+00 1.613999962806701716e-02 4.270459365844726518e-01 7.120381164550780850e-01 8.772093200683593883e-01 9.178720092773438033e-01 nan 9.574466705322265403e-01 nan nan nan nan nan nan nan nan nan nan nan nan
nan nan nan nan 0.000000000000000000e+00 0.000000000000000000e+00 0.000000000000000000e+00 0.000000000000000000e+00 0.000000000000000000e+00 0.000000000000000000e+00 1.847111105918884319e-02 2.660792541503906317e-01 7.384155273437500444e-01 9.078577423095702814e-01 8.568816375732422053e-01 nan nan nan nan nan nan nan nan nan nan nan nan nan
nan nan nan nan nan 0.000000000000000000e+00 0.000000000000000000e+00 0.000000000000000000e+00 0.000000000000000000e+00 0.000000000000000000e+00 0.000000000000000000e+00 1.590814828872680678e-02 3.236214828491210671e-01 8.247866821289062678e-01 9.062681579589844105e-01 8.820133209228515625e-01 nan nan nan nan nan nan nan nan nan nan nan nan
nan nan nan nan nan nan 0.000000000000000000e+00 0.000000000000000000e+00 0.000000000000000000e+00 0.000000000000000000e+00 0.000000000000000000e+00 0.000000000000000000e+00 3.855259180068969921e-02 4.964318466186523615e-01 8.473681640625000400e-01 8.883644104003906028e-01 8.722822570800781161e-01 8.786244201660156072e-01 9.411773681640625000e-01 nan nan nan nan nan nan nan nan nan
nan nan nan nan nan nan nan 0.000000000000000000e+00 0.000000000000000000e+00 0.000000000000000000e+00 0.000000000000000000e+00 0.000000000000000000e+00 1.169629618525505057e-03 1.719637107849120994e-01 5.501696395874023926e-01 8.218059539794921875e-01 8.986036682128906161e-01 8.546844482421874778e-01 9.002540588378906694e-01 8.741850280761718217e-01 9.121710968017577859e-01 8.853199768066406516e-01 nan nan nan nan nan nan
nan nan nan nan nan nan nan 0.000000000000000000e+00 0.000000000000000000e+00 0.000000000000000000e+00 0.000000000000000000e+00 0.000000000000000000e+00 0.000000000000000000e+00 7.268888950347900460e-03 7.201407432556151955e-02 3.861133193969726318e-01 8.617881774902343972e-01 9.303333282470702681e-01 9.165644073486327592e-01 9.109029388427734020e-01 8.966770172119140625e-01 8.548600006103516113e-01 8.317024993896484641e-01 8.756400299072265581e-01 nan nan nan nan
nan nan nan nan nan nan nan nan 0.000000000000000000e+00 0.000000000000000000e+00 0.000000000000000000e+00 0.000000000000000000e+00 0.000000000000000000e+00 0.000000000000000000e+00 0.000000000000000000e+00 3.482814788818359292e-02 5.444896316528320401e-01 8.984244537353515137e-01 9.392466735839843928e-01 9.477029418945313033e-01 9.287229919433593883e-01 8.940214538574218217e-01 8.790533447265624911e-01 8.576161956787109464e-01 nan 9.864142608642577637e-01 9.382016754150390714e-01 nan
nan nan nan nan nan nan nan nan nan 0.000000000000000000e+00 0.000000000000000000e+00 0.000000000000000000e+00 0.000000000000000000e+00 0.000000000000000000e+00 0.000000000000000000e+00 0.000000000000000000e+00 1.026592636108398376e-01 5.881081390380858975e-01 9.123637390136718484e-01 9.597607421874999600e-01 9.436229705810547097e-01 9.225585174560546609e-01 9.180970001220702947e-01 8.825029754638671342e-01 7.936142730712890669e-01 9.230533599853515403e-01 9.565207672119140359e-01 nan
nan nan nan nan nan nan nan nan nan nan 0.000000000000000000e+00 0.000000000000000000e+00 0.000000000000000000e+00 0.000000000000000000e+00 0.000000000000000000e+00 0.000000000000000000e+00 2.018518447875976719e-03 1.640466690063476507e-01 5.784118652343750444e-01 7.259873962402343395e-01 8.505252075195312012e-01 9.158837127685547363e-01 9.024548339843749822e-01 9.081629943847656650e-01 9.187711334228515492e-01 9.397318267822265536e-01 9.501711273193359508e-01 nan
nan nan nan nan nan nan nan nan nan nan nan nan 0.000000000000000000e+00 0.000000000000000000e+00 0.000000000000000000e+00 0.000000000000000000e+00 0.000000000000000000e+00 4.628148078918457170e-03 5.993185043334960799e-02 7.788444519042968250e-02 2.255496215820312622e-01 5.624696350097656561e-01 7.320963287353515758e-01 8.705607604980468706e-01 9.032125854492187855e-01 9.096073913574218572e-01 9.091088867187500089e-01 nan
nan nan nan nan nan nan nan nan nan nan nan nan nan 0.000000000000000000e+00 0.000000000000000000e+00 0.000000000000000000e+00 0.000000000000000000e+00 0.000000000000000000e+00 0.000000000000000000e+00 0.000000000000000000e+00 1.004444435238838196e-03 7.916740894317626787e-02 1.532125949859619030e-01 4.099807357788086137e-01 8.598837280273436967e-01 9.096007537841797053e-01 9.068547821044922186e-01 nan
nan nan nan nan nan nan nan nan nan nan nan nan nan nan nan 0.000000000000000000e+00 0.000000000000000000e+00 0.000000000000000000e+00 0.000000000000000000e+00 0.000000000000000000e+00 0.000000000000000000e+00 0.000000000000000000e+00 1.959259212017059378e-03 2.000792503356933483e-01 7.836473846435546564e-01 9.418940734863281428e-01 9.205844116210937234e-01 nan
nan nan nan nan nan nan nan nan nan nan nan nan nan nan nan nan nan 0.000000000000000000e+00 0.000000000000000000e+00 0.000000000000000000e+00 0.000000000000000000e+00 1.022500038146972705e-02 0.000000000000000000e+00 5.498000144958496010e-02 3.414636993408203258e-01 8.273081207275390092e-01 9.217778015136718350e-01 nan
nan nan nan nan nan nan nan nan nan nan nan nan nan nan nan nan nan nan nan nan 8.597333431243896901e-03 nan nan 0.000000000000000000e+00 3.874222278594970786e-02 4.386888885498047008e-01 nan nan
