nan nan nan 0.000000000000000000e+00 0.000000000000000000e+00 0.000000000000000000e+00 nan nan nan nan nan nan nan nan nan nan nan nan nan nan nan nan nan nan nan nan nan nan
nan nan 0.000000000000000000e+00 0.000000000000000000e+00 0.000000000000000000e+00 0.000000000000000000e+00 0.000000000000000000e+00 nan nan nan nan nan nan nan nan nan nan nan nan nan nan nan nan nan nan nan nan nan
nan nan 0.000000000000000000e+00 0.000000000000000000e+00 0.000000000000000000e+00 0.000000000000000000e+00 0.000000000000000000e+00 1.618412698412698483e-02 nan nan nan nan nan nan nan nan nan nan nan nan nan nan nan nan nan nan nan nan
nan 0.000000000000000000e+00 0.000000000000000000e+00 0.000000000000000000e+00 0.000000000000000000e+00 0.000000000000000000e+00 0.000000000000000000e+00 0.000000000000000000e+00 1.154063492063492208e-01 nan nan nan nan nan nan nan nan nan nan nan nan nan nan nan nan nan nan nan
0.000000000000000000e+00 0.000000000000000000e+00 0.000000000000000000e+00 0.000000000000000000e+00 0.000000000000000000e+00 0.000000000000000000e+00 0.000000000000000000e+00 0.000000000000000000e+00 3.762380952380952465e-02 2.981809523809524354e-01 nan nan nan nan nan nan nan nan nan nan nan nan nan nan nan nan nan nan
0.000000000000000000e+00 0.000000000000000000e+00 0.000000000000000000e+00 0.000000000000000000e+00 0.000000000000000000e+00 0.000000000000000000e+00 0.000000000000000000e+00 0.000000000000000000e+00 9.563809523809523039e-02 2.041000000000000036e-01 nan nan nan nan nan nan nan nan nan nan nan nan nan nan nan nan nan nan
0.000000000000000000e+00 0.000000000000000000e+00 0.000000000000000000e+00 0.000000000000000000e+00 0.000000000000000000e+00 0.000000000000000000e+00 0.000000000000000000e+00 3.404761904761904791e-03 2.375095238095238370e-01 nan nan nan nan nan nan nan nan nan nan nan nan nan nan nan nan nan nan nan
0.000000000000000000e+00 0.000000000000000000e+00 0.000000000000000000e+00 0.000000000000000000e+00 0.000000000000000000e+00 0.000000000000000000e+00 0.000000000000000000e+00 8.884126984126983900e-03 2.534714285714285698e-01 nan nan nan nan nan nan nan nan nan nan nan nan nan nan nan nan nan nan nan
nan 0.000000000000000000e+00 0.000000000000000000e+00 0.000000000000000000e+00 0.000000000000000000e+00 0.000000000000000000e+00 0.000000000000000000e+00 1.407555555555555782e-01 4.061444444444444191e-01 5.618102040816326248e-01 nan nan nan nan nan nan nan nan nan nan nan nan nan nan nan nan nan nan
nan 0.000000000000000000e+00 0.000000000000000000e+00 0.000000000000000000e+00 0.000000000000000000e+00 0.000000000000000000e+00 0.000000000000000000e+00 6.277301587301586938e-02 2.783396825396824981e-01 4.848365079365079544e-01 nan nan nan nan nan nan nan nan nan nan nan nan nan nan nan nan nan nan
nan 0.000000000000000000e+00 0.000000000000000000e+00 0.000000000000000000e+00 0.000000000000000000e+00 0.000000000000000000e+00 0.000000000000000000e+00 1.179047619047619150e-02 1.658507936507936653e-01 5.131746031746031722e-01 nan nan nan nan nan nan nan nan nan nan nan nan nan nan nan nan nan nan
nan nan 0.000000000000000000e+00 0.000000000000000000e+00 0.000000000000000000e+00 0.000000000000000000e+00 0.000000000000000000e+00 1.827714285714285569e-01 6.492650793650792673e-01 8.755126984126985201e-01 nan nan nan nan nan nan nan nan nan nan nan nan nan nan nan nan nan nan
nan nan 0.000000000000000000e+00 0.000000000000000000e+00 0.000000000000000000e+00 2.360857142857143362e-02 0.000000000000000000e+00 1.321777777777777829e-01 7.291698412698411902e-01 9.254250000000000531e-01 nan nan nan nan nan nan nan nan nan nan nan nan nan nan nan nan nan nan
nan nan nan nan nan nan 0.000000000000000000e+00 3.082539682539683218e-02 4.574999999999999067e-01 8.475696428571428687e-01 nan nan nan nan nan nan nan nan nan nan nan nan nan nan nan nan nan nan
nan nan nan nan nan 7.655555555555556939e-03 0.000000000000000000e+00 7.749206349206349403e-03 2.057873015873015743e-01 6.800063492063492809e-01 8.780857142857143582e-01 nan nan nan nan nan nan nan nan nan nan nan nan nan nan nan nan nan
nan nan nan nan nan 0.000000000000000000e+00 0.000000000000000000e+00 0.000000000000000000e+00 2.920000000000000026e-02 3.446555555555555483e-01 7.275918367346938531e-01 nan nan nan nan nan nan nan nan nan nan nan nan nan nan nan nan nan
nan nan nan nan nan 0.000000000000000000e+00 0.000000000000000000e+00 0.000000000000000000e+00 0.000000000000000000e+00 6.724126984126983786e-02 5.530365079365080483e-01 7.964448979591837174e-01 9.160485714285714343e-01 9.814599999999998881e-01 nan 9.976999999999999202e-01 nan nan nan nan nan nan nan nan nan nan nan nan
nan nan nan nan 0.000000000000000000e+00 0.000000000000000000e+00 0.000000000000000000e+00 0.000000000000000000e+00 0.000000000000000000e+00 8.501587301587301693e-03 1.464222222222222314e-01 4.396698412698412106e-01 8.026920634920634567e-01 9.072555555555555928e-01 9.482696428571428804e-01 nan nan nan nan nan nan nan nan nan nan nan nan nan
nan nan nan nan nan 0.000000000000000000e+00 0.000000000000000000e+00 0.000000000000000000e+00 0.000000000000000000e+00 0.000000000000000000e+00 0.000000000000000000e+00 3.733492063492063057e-02 3.350555555555556064e-01 6.999079365079365900e-01 8.004587301587301473e-01 8.320333333333332915e-01 nan nan nan nan nan nan nan nan nan nan nan nan
nan nan nan nan nan nan 0.000000000000000000e+00 0.000000000000000000e+00 0.000000000000000000e+00 0.000000000000000000e+00 0.000000000000000000e+00 0.000000000000000000e+00 0.000000000000000000e+00 1.581698412698412659e-01 5.104984126984126735e-01 7.728587301587301894e-01 8.450071428571428456e-01 9.222619047619048382e-01 9.905114285714285982e-01 nan nan nan nan nan nan nan nan nan
nan nan nan nan nan nan nan 0.000000000000000000e+00 0.000000000000000000e+00 0.000000000000000000e+00 0.000000000000000000e+00 0.000000000000000000e+00 0.000000000000000000e+00 0.000000000000000000e+00 5.043174603174602200e-02 5.312587301587301525e-01 8.395269841269842326e-01 8.702904761904761699e-01 9.669190476190476780e-01 9.330750000000000988e-01 9.775880952380953115e-01 9.346892857142856670e-01 nan nan nan nan nan nan
nan nan nan nan nan nan nan 0.000000000000000000e+00 0.000000000000000000e+00 0.000000000000000000e+00 0.000000000000000000e+00 0.000000000000000000e+00 0.000000000000000000e+00 0.000000000000000000e+00 0.000000000000000000e+00 6.476349206349206467e-02 5.630825396825397400e-01 8.510682539682540293e-01 8.943952380952380210e-01 9.308650793650792288e-01 9.345952380952381455e-01 9.110301587301585791e-01 9.181821428571430577e-01 8.958714285714286518e-01 nan nan nan nan
nan nan nan nan nan nan nan nan 0.000000000000000000e+00 0.000000000000000000e+00 0.000000000000000000e+00 0.000000000000000000e+00 0.000000000000000000e+00 0.000000000000000000e+00 0.000000000000000000e+00 0.000000000000000000e+00 8.854444444444445339e-02 5.890111111111111519e-01 8.772920634920633454e-01 8.954063492063493168e-01 9.175603174603174095e-01 9.284111111111111869e-01 9.175603174603174095e-01 8.228489795918367822e-01 nan 9.377816326530612479e-01 9.111660714285715335e-01 nan
nan nan nan nan nan nan nan nan nan 0.000000000000000000e+00 0.000000000000000000e+00 0.000000000000000000e+00 0.000000000000000000e+00 0.000000000000000000e+00 0.000000000000000000e+00 0.000000000000000000e+00 0.000000000000000000e+00 7.423809523809524191e-02 4.760698412698413651e-01 8.244984126984127304e-01 8.772619047619049093e-01 8.807777777777778816e-01 8.383634920634921439e-01 7.617333333333333734e-01 7.121632653061223950e-01 9.001821428571430417e-01 9.532349206349205462e-01 nan
nan nan nan nan nan nan nan nan nan nan 0.000000000000000000e+00 0.000000000000000000e+00 0.000000000000000000e+00 0.000000000000000000e+00 0.000000000000000000e+00 0.000000000000000000e+00 0.000000000000000000e+00 0.000000000000000000e+00 4.844126984126983365e-02 4.522142857142856798e-01 7.757809523809524599e-01 7.753301587301588693e-01 7.982444444444445342e-01 8.467539682539683144e-01 8.605142857142855650e-01 9.358698412698415181e-01 9.615158730158731570e-01 nan
nan nan nan nan nan nan nan nan nan nan nan nan 0.000000000000000000e+00 0.000000000000000000e+00 0.000000000000000000e+00 0.000000000000000000e+00 0.000000000000000000e+00 0.000000000000000000e+00 0.000000000000000000e+00 2.897936507936508047e-02 2.859158730158730122e-01 6.644492063492063449e-01 7.855523809523811130e-01 8.853571428571430646e-01 8.979206349206350080e-01 9.260222222222221911e-01 9.524714285714286355e-01 nan
nan nan nan nan nan nan nan nan nan nan nan nan nan 0.000000000000000000e+00 0.000000000000000000e+00 0.000000000000000000e+00 0.000000000000000000e+00 0.000000000000000000e+00 0.000000000000000000e+00 0.000000000000000000e+00 2.309841269841269792e-02 3.679857142857141938e-01 6.200111111111110684e-01 8.666650793650794160e-01 8.961920634920634843e-01 9.053761904761905566e-01 9.471714285714285531e-01 nan
nan nan nan nan nan nan nan nan nan nan nan nan nan nan nan 0.000000000000000000e+00 0.000000000000000000e+00 0.000000000000000000e+00 0.000000000000000000e+00 0.000000000000000000e+00 0.000000000000000000e+00 6.026984126984127194e-03 1.950365079365079801e-01 7.713825396825396696e-01 9.050507936507936613e-01 9.017936507936508139e-01 9.417793650793651050e-01 nan
nan nan nan nan nan nan nan nan nan nan nan nan nan nan nan nan nan 0.000000000000000000e+00 0.000000000000000000e+00 0.000000000000000000e+00 0.000000000000000000e+00 1.271428571428571616e-02 0.000000000000000000e+00 3.494777777777777206e-01 8.365888888888890484e-01 8.996714285714284554e-01 9.379873015873014808e-01 nan
nan nan nan nan nan nan nan nan nan nan nan nan nan nan nan nan nan nan nan nan 4.539714285714285813e-02 nan nan 4.684285714285714441e-02 5.648333333333332984e-01 9.179380952380951086e-01 nan nan
