nan nan nan 0.000000000000000000e+00 0.000000000000000000e+00 0.000000000000000000e+00 nan nan nan nan nan nan nan nan nan nan nan nan nan nan nan nan nan nan nan nan nan nan
nan nan 0.000000000000000000e+00 0.000000000000000000e+00 0.000000000000000000e+00 0.000000000000000000e+00 0.000000000000000000e+00 nan nan nan nan nan nan nan nan nan nan nan nan nan nan nan nan nan nan nan nan nan
nan nan 0.000000000000000000e+00 0.000000000000000000e+00 0.000000000000000000e+00 0.000000000000000000e+00 0.000000000000000000e+00 5.933333333333332994e-03 nan nan nan nan nan nan nan nan nan nan nan nan nan nan nan nan nan nan nan nan
nan 0.000000000000000000e+00 0.000000000000000000e+00 0.000000000000000000e+00 0.000000000000000000e+00 0.000000000000000000e+00 0.000000000000000000e+00 0.000000000000000000e+00 7.305238095238097973e-02 nan nan nan nan nan nan nan nan nan nan nan nan nan nan nan nan nan nan nan
0.000000000000000000e+00 0.000000000000000000e+00 0.000000000000000000e+00 0.000000000000000000e+00 0.000000000000000000e+00 0.000000000000000000e+00 0.000000000000000000e+00 0.000000000000000000e+00 9.381587301587300531e-02 4.880777777777777771e-01 nan nan nan nan nan nan nan nan nan nan nan nan nan nan nan nan nan nan
0.000000000000000000e+00 0.000000000000000000e+00 0.000000000000000000e+00 0.000000000000000000e+00 0.000000000000000000e+00 0.000000000000000000e+00 0.000000000000000000e+00 0.000000000000000000e+00 2.099492063492063576e-01 5.835257142857142032e-01 nan nan nan nan nan nan nan nan nan nan nan nan nan nan nan nan nan nan
0.000000000000000000e+00 0.000000000000000000e+00 0.000000000000000000e+00 0.000000000000000000e+00 0.000000000000000000e+00 0.000000000000000000e+00 0.000000000000000000e+00 0.000000000000000000e+00 3.396698412698412883e-01 nan nan nan nan nan nan nan nan nan nan nan nan nan nan nan nan nan nan nan
0.000000000000000000e+00 0.000000000000000000e+00 0.000000000000000000e+00 0.000000000000000000e+00 0.000000000000000000e+00 0.000000000000000000e+00 0.000000000000000000e+00 1.996825396825397010e-03 2.304698412698412691e-01 nan nan nan nan nan nan nan nan nan nan nan nan nan nan nan nan nan nan nan
nan 0.000000000000000000e+00 0.000000000000000000e+00 0.000000000000000000e+00 0.000000000000000000e+00 0.000000000000000000e+00 0.000000000000000000e+00 4.004761904761904197e-03 1.244888888888888989e-01 5.375183673469386969e-01 nan nan nan nan nan nan nan nan nan nan nan nan nan nan nan nan nan nan
nan 0.000000000000000000e+00 0.000000000000000000e+00 0.000000000000000000e+00 0.000000000000000000e+00 0.000000000000000000e+00 0.000000000000000000e+00 0.000000000000000000e+00 6.270793650793651808e-02 5.385761904761905416e-01 nan nan nan nan nan nan nan nan nan nan nan nan nan nan nan nan nan nan
nan 0.000000000000000000e+00 0.000000000000000000e+00 0.000000000000000000e+00 0.000000000000000000e+00 0.000000000000000000e+00 0.000000000000000000e+00 0.000000000000000000e+00 3.520158730158730320e-02 4.330619047619048145e-01 nan nan nan nan nan nan nan nan nan nan nan nan nan nan nan nan nan nan
nan nan 0.000000000000000000e+00 0.000000000000000000e+00 0.000000000000000000e+00 0.000000000000000000e+00 0.000000000000000000e+00 1.626984126984126712e-03 2.403396825396825753e-01 7.115809523809523141e-01 nan nan nan nan nan nan nan nan nan nan nan nan nan nan nan nan nan nan
nan nan 0.000000000000000000e+00 0.000000000000000000e+00 6.069047619047619746e-03 2.595428571428572140e-02 0.000000000000000000e+00 4.663492063492064021e-03 3.261999999999999900e-01 7.747035714285714914e-01 nan nan nan nan nan nan nan nan nan nan nan nan nan nan nan nan nan nan
nan nan nan nan nan nan 0.000000000000000000e+00 0.000000000000000000e+00 1.529571428571428748e-01 6.949892857142857538e-01 nan nan nan nan nan nan nan nan nan nan nan nan nan nan nan nan nan nan
nan nan nan nan nan 8.198412698412699609e-03 0.000000000000000000e+00 0.000000000000000000e+00 4.133333333333333998e-02 6.171555555555554573e-01 9.285285714285714809e-01 nan nan nan nan nan nan nan nan nan nan nan nan nan nan nan nan nan
nan nan nan nan nan 0.000000000000000000e+00 0.000000000000000000e+00 0.000000000000000000e+00 0.000000000000000000e+00 3.658031746031746856e-01 8.408755102040815776e-01 nan nan nan nan nan nan nan nan nan nan nan nan nan nan nan nan nan
nan nan nan nan nan 0.000000000000000000e+00 0.000000000000000000e+00 0.000000000000000000e+00 0.000000000000000000e+00 3.689365079365079791e-02 4.836507936507936645e-01 7.495469387755100410e-01 9.042971428571427994e-01 9.539542857142858656e-01 nan 9.371357142857141831e-01 nan nan nan nan nan nan nan nan nan nan nan nan
nan nan nan nan 0.000000000000000000e+00 0.000000000000000000e+00 0.000000000000000000e+00 0.000000000000000000e+00 0.000000000000000000e+00 0.000000000000000000e+00 5.244126984126985108e-02 3.059650793650793843e-01 7.116444444444445239e-01 8.532428571428570807e-01 9.091410714285713679e-01 nan nan nan nan nan nan nan nan nan nan nan nan nan
nan nan nan nan nan 0.000000000000000000e+00 0.000000000000000000e+00 0.000000000000000000e+00 0.000000000000000000e+00 0.000000000000000000e+00 0.000000000000000000e+00 1.555238095238095121e-02 4.317793650793649851e-01 6.952253968253967464e-01 7.044682539682540767e-01 7.403333333333332877e-01 nan nan nan nan nan nan nan nan nan nan nan nan
nan nan nan nan nan nan 0.000000000000000000e+00 0.000000000000000000e+00 0.000000000000000000e+00 0.000000000000000000e+00 0.000000000000000000e+00 0.000000000000000000e+00 1.072698412698412790e-01 4.987126984126984408e-01 5.906904761904762102e-01 6.849650793650795544e-01 8.318214285714286005e-01 8.110809523809524579e-01 7.858542857142858384e-01 nan nan nan nan nan nan nan nan nan
nan nan nan nan nan nan nan 0.000000000000000000e+00 0.000000000000000000e+00 0.000000000000000000e+00 0.000000000000000000e+00 0.000000000000000000e+00 0.000000000000000000e+00 4.349365079365079267e-02 1.681190476190476402e-01 4.500158730158730913e-01 7.418269841269841125e-01 7.856222222222223328e-01 7.738809523809524471e-01 7.905857142857144471e-01 8.563047619047619019e-01 8.801535714285714240e-01 nan nan nan nan nan nan
nan nan nan nan nan nan nan 0.000000000000000000e+00 0.000000000000000000e+00 0.000000000000000000e+00 0.000000000000000000e+00 0.000000000000000000e+00 0.000000000000000000e+00 0.000000000000000000e+00 0.000000000000000000e+00 6.920952380952381799e-02 4.870349206349206539e-01 6.603111111111110709e-01 7.228984126984127068e-01 7.696968253968253793e-01 8.742777777777778203e-01 8.922126984126983462e-01 8.902928571428572191e-01 9.772571428571429353e-01 nan nan nan nan
nan nan nan nan nan nan nan nan 0.000000000000000000e+00 0.000000000000000000e+00 0.000000000000000000e+00 0.000000000000000000e+00 0.000000000000000000e+00 0.000000000000000000e+00 0.000000000000000000e+00 0.000000000000000000e+00 2.648142857142857243e-01 5.465587301587302438e-01 6.663555555555557008e-01 7.493698412698411859e-01 8.047999999999998488e-01 8.101777777777777745e-01 7.512984126984126876e-01 7.515204081632653743e-01 nan 8.600326530612244502e-01 8.769196428571429669e-01 nan
nan nan nan nan nan nan nan nan nan 0.000000000000000000e+00 0.000000000000000000e+00 0.000000000000000000e+00 0.000000000000000000e+00 0.000000000000000000e+00 0.000000000000000000e+00 0.000000000000000000e+00 6.755079365079365294e-02 4.610079365079364777e-01 6.385206349206349330e-01 7.250714285714284779e-01 7.957396825396827467e-01 7.115904761904761067e-01 5.456793650793649864e-01 3.700650793650793746e-01 6.903020408163265120e-01 8.659732142857143877e-01 8.516174603174602176e-01 nan
nan nan nan nan nan nan nan nan nan nan 0.000000000000000000e+00 0.000000000000000000e+00 0.000000000000000000e+00 0.000000000000000000e+00 0.000000000000000000e+00 0.000000000000000000e+00 3.880952380952381198e-03 2.477682539682539709e-01 5.549825396825397439e-01 5.892888888888889731e-01 7.089793650793650981e-01 7.487920634920633978e-01 7.372174603174602714e-01 5.705793650793651306e-01 5.055523809523809753e-01 7.590222222222223758e-01 8.862634920634921976e-01 nan
nan nan nan nan nan nan nan nan nan nan nan nan 0.000000000000000000e+00 0.000000000000000000e+00 0.000000000000000000e+00 0.000000000000000000e+00 0.000000000000000000e+00 1.279206349206349173e-02 1.548047619047618895e-01 2.534015873015872944e-01 4.706698412698412382e-01 6.800603174603173651e-01 7.366920634920636202e-01 7.425126984126984020e-01 7.645349206349206783e-01 8.834777777777776953e-01 9.324285714285716065e-01 nan
nan nan nan nan nan nan nan nan nan nan nan nan nan 0.000000000000000000e+00 0.000000000000000000e+00 0.000000000000000000e+00 0.000000000000000000e+00 0.000000000000000000e+00 0.000000000000000000e+00 2.398253968253968513e-02 2.096222222222222376e-01 6.233936507936508331e-01 8.110333333333333838e-01 8.903888888888888964e-01 9.200206349206350165e-01 9.403984126984126224e-01 9.640920634920634447e-01 nan
nan nan nan nan nan nan nan nan nan nan nan nan nan nan nan 0.000000000000000000e+00 0.000000000000000000e+00 0.000000000000000000e+00 0.000000000000000000e+00 0.000000000000000000e+00 2.227142857142856702e-02 2.439968253968254064e-01 5.762206349206349110e-01 8.542126984126984235e-01 9.373841269841268753e-01 9.169428571428571706e-01 9.571142857142856952e-01 nan
nan nan nan nan nan nan nan nan nan nan nan nan nan nan nan nan nan 0.000000000000000000e+00 0.000000000000000000e+00 0.000000000000000000e+00 0.000000000000000000e+00 1.969642857142856959e-02 3.469392857142857278e-01 8.007523809523811043e-01 9.765095238095237162e-01 9.818301587301588862e-01 9.657269841269841004e-01 nan
nan nan nan nan nan nan nan nan nan nan nan nan nan nan nan nan nan nan nan nan 6.541428571428570260e-02 nan nan 9.435539682539682005e-01 9.940238095238095317e-01 9.797603174603176646e-01 nan nan
