nan nan nan 0.000000000000000000e+00 0.000000000000000000e+00 0.000000000000000000e+00 nan nan nan nan nan nan nan nan nan nan nan nan nan nan nan nan nan nan nan nan nan nan
nan nan 0.000000000000000000e+00 0.000000000000000000e+00 0.000000000000000000e+00 0.000000000000000000e+00 0.000000000000000000e+00 nan nan nan nan nan nan nan nan nan nan nan nan nan nan nan nan nan nan nan nan nan
nan nan 0.000000000000000000e+00 0.000000000000000000e+00 0.000000000000000000e+00 0.000000000000000000e+00 0.000000000000000000e+00 2.433809523809523853e-02 nan nan nan nan nan nan nan nan nan nan nan nan nan nan nan nan nan nan nan nan
nan 0.000000000000000000e+00 0.000000000000000000e+00 0.000000000000000000e+00 0.000000000000000000e+00 0.000000000000000000e+00 0.000000000000000000e+00 1.021587301587301849e-02 3.132015873015872587e-01 nan nan nan nan nan nan nan nan nan nan nan nan nan nan nan nan nan nan nan
0.000000000000000000e+00 0.000000000000000000e+00 0.000000000000000000e+00 0.000000000000000000e+00 0.000000000000000000e+00 0.000000000000000000e+00 0.000000000000000000e+00 0.000000000000000000e+00 1.544523809523809521e-01 4.790269841269841344e-01 nan nan nan nan nan nan nan nan nan nan nan nan nan nan nan nan nan nan
0.000000000000000000e+00 0.000000000000000000e+00 0.000000000000000000e+00 0.000000000000000000e+00 0.000000000000000000e+00 0.000000000000000000e+00 0.000000000000000000e+00 0.000000000000000000e+00 8.661904761904760941e-02 3.828342857142856825e-01 nan nan nan nan nan nan nan nan nan nan nan nan nan nan nan nan nan nan
0.000000000000000000e+00 0.000000000000000000e+00 0.000000000000000000e+00 0.000000000000000000e+00 0.000000000000000000e+00 0.000000000000000000e+00 0.000000000000000000e+00 1.657460317460317245e-02 3.921492063492063029e-01 nan nan nan nan nan nan nan nan nan nan nan nan nan nan nan nan nan nan nan
0.000000000000000000e+00 0.000000000000000000e+00 0.000000000000000000e+00 0.000000000000000000e+00 0.000000000000000000e+00 0.000000000000000000e+00 0.000000000000000000e+00 2.194126984126984134e-02 5.045380952380952300e-01 nan nan nan nan nan nan nan nan nan nan nan nan nan nan nan nan nan nan nan
nan 0.000000000000000000e+00 0.000000000000000000e+00 0.000000000000000000e+00 0.000000000000000000e+00 0.000000000000000000e+00 0.000000000000000000e+00 1.705079365079365319e-02 5.315126984126984366e-01 9.031979591836736265e-01 nan nan nan nan nan nan nan nan nan nan nan nan nan nan nan nan nan nan
nan 0.000000000000000000e+00 0.000000000000000000e+00 0.000000000000000000e+00 0.000000000000000000e+00 0.000000000000000000e+00 0.000000000000000000e+00 2.253968253968254270e-03 3.408650793650794264e-01 8.804825396825396444e-01 nan nan nan nan nan nan nan nan nan nan nan nan nan nan nan nan nan nan
nan 0.000000000000000000e+00 0.000000000000000000e+00 0.000000000000000000e+00 0.000000000000000000e+00 0.000000000000000000e+00 0.000000000000000000e+00 0.000000000000000000e+00 1.027968253968254003e-01 7.409587301587301500e-01 nan nan nan nan nan nan nan nan nan nan nan nan nan nan nan nan nan nan
nan nan 0.000000000000000000e+00 0.000000000000000000e+00 0.000000000000000000e+00 0.000000000000000000e+00 0.000000000000000000e+00 0.000000000000000000e+00 1.536968253968253872e-01 7.158444444444443944e-01 nan nan nan nan nan nan nan nan nan nan nan nan nan nan nan nan nan nan
nan nan 0.000000000000000000e+00 0.000000000000000000e+00 4.728571428571428335e-03 2.439428571428571210e-02 0.000000000000000000e+00 3.253968253968253423e-03 1.822269841269841262e-01 6.217910714285713736e-01 nan nan nan nan nan nan nan nan nan nan nan nan nan nan nan nan nan nan
nan nan nan nan nan nan 0.000000000000000000e+00 0.000000000000000000e+00 1.512920634920634777e-01 6.164339285714285355e-01 nan nan nan nan nan nan nan nan nan nan nan nan nan nan nan nan nan nan
nan nan nan nan nan 9.307936507936508119e-03 0.000000000000000000e+00 0.000000000000000000e+00 5.133809523809523823e-02 5.715936507936507649e-01 9.466928571428572248e-01 nan nan nan nan nan nan nan nan nan nan nan nan nan nan nan nan nan
nan nan nan nan nan 0.000000000000000000e+00 0.000000000000000000e+00 0.000000000000000000e+00 0.000000000000000000e+00 3.625095238095237815e-01 8.693020408163265600e-01 nan nan nan nan nan nan nan nan nan nan nan nan nan nan nan nan nan
nan nan nan nan nan 0.000000000000000000e+00 0.000000000000000000e+00 0.000000000000000000e+00 0.000000000000000000e+00 7.890158730158729206e-02 6.484174603174602813e-01 8.696183673469387587e-01 9.202428571428572512e-01 9.530000000000000693e-01 nan 9.465142857142856414e-01 nan nan nan nan nan nan nan nan nan nan nan nan
nan nan nan nan 0.000000000000000000e+00 0.000000000000000000e+00 0.000000000000000000e+00 0.000000000000000000e+00 0.000000000000000000e+00 0.000000000000000000e+00 1.670666666666666689e-01 5.118952380952381809e-01 7.948444444444446866e-01 8.873095238095238813e-01 9.253446428571429072e-01 nan nan nan nan nan nan nan nan nan nan nan nan nan
nan nan nan nan nan 0.000000000000000000e+00 0.000000000000000000e+00 0.000000000000000000e+00 0.000000000000000000e+00 0.000000000000000000e+00 0.000000000000000000e+00 8.210317460317460847e-02 5.290222222222221715e-01 7.577666666666666995e-01 7.663746031746032639e-01 7.897928571428571853e-01 nan nan nan nan nan nan nan nan nan nan nan nan
nan nan nan nan nan nan 0.000000000000000000e+00 0.000000000000000000e+00 0.000000000000000000e+00 0.000000000000000000e+00 0.000000000000000000e+00 0.000000000000000000e+00 2.418063492063492192e-01 7.326777777777776501e-01 7.855539682539682822e-01 7.380492063492064547e-01 8.469428571428569974e-01 9.329761904761904034e-01 9.691571428571428282e-01 nan nan nan nan nan nan nan nan nan
nan nan nan nan nan nan nan 0.000000000000000000e+00 0.000000000000000000e+00 0.000000000000000000e+00 0.000000000000000000e+00 0.000000000000000000e+00 6.144761904761905646e-02 4.442063492063492713e-01 7.235158730158730567e-01 7.688730158730158193e-01 8.363936507936508002e-01 8.769730158730157932e-01 8.797698412698412573e-01 9.115285714285714658e-01 9.954452380952381052e-01 9.988571428571426658e-01 nan nan nan nan nan nan
nan nan nan nan nan nan nan 0.000000000000000000e+00 0.000000000000000000e+00 0.000000000000000000e+00 0.000000000000000000e+00 0.000000000000000000e+00 0.000000000000000000e+00 7.381904761904761747e-02 2.716206349206349291e-01 5.396952380952381167e-01 6.938666666666667426e-01 8.021079365079366585e-01 8.459809523809525000e-01 9.216349206349205847e-01 9.767476190476190867e-01 9.984333333333332838e-01 9.998982142857143485e-01 9.828142857142857514e-01 nan nan nan nan
nan nan nan nan nan nan nan nan 0.000000000000000000e+00 0.000000000000000000e+00 0.000000000000000000e+00 0.000000000000000000e+00 0.000000000000000000e+00 0.000000000000000000e+00 1.036984126984126856e-02 1.313984126984127088e-01 4.685015873015873078e-01 7.021730158730159488e-01 7.453666666666667329e-01 8.615142857142856769e-01 9.251063492063491545e-01 9.315746031746031663e-01 9.117015873015873462e-01 9.075836734693878416e-01 nan 9.815020408163265264e-01 9.047678571428571237e-01 nan
nan nan nan nan nan nan nan nan nan 0.000000000000000000e+00 0.000000000000000000e+00 0.000000000000000000e+00 0.000000000000000000e+00 0.000000000000000000e+00 0.000000000000000000e+00 8.068253968253967512e-03 1.888301587301587092e-01 4.967269841269840724e-01 6.256920634920635216e-01 7.649174603174602183e-01 8.570968253968253014e-01 8.552285714285716711e-01 8.257539682539681847e-01 7.387936507936508912e-01 6.789183673469387781e-01 8.260785714285714398e-01 8.268777777777777116e-01 nan
nan nan nan nan nan nan nan nan nan nan 0.000000000000000000e+00 0.000000000000000000e+00 0.000000000000000000e+00 0.000000000000000000e+00 0.000000000000000000e+00 0.000000000000000000e+00 3.859682539682540020e-02 2.119015873015872853e-01 4.762523809523809826e-01 6.149698412698413330e-01 7.115079365079366447e-01 7.720333333333332382e-01 8.674444444444443514e-01 8.655015873015873273e-01 7.592936507936508539e-01 7.969206349206348072e-01 9.247126984126983196e-01 nan
nan nan nan nan nan nan nan nan nan nan nan nan 0.000000000000000000e+00 0.000000000000000000e+00 0.000000000000000000e+00 0.000000000000000000e+00 0.000000000000000000e+00 3.067142857142857171e-02 1.581857142857142351e-01 2.691777777777778491e-01 5.434111111111110670e-01 7.410936507936508599e-01 7.873317460317460492e-01 8.106126984126984514e-01 8.391873015873017039e-01 8.851507936507936325e-01 9.496476190476191848e-01 nan
nan nan nan nan nan nan nan nan nan nan nan nan nan 0.000000000000000000e+00 0.000000000000000000e+00 0.000000000000000000e+00 0.000000000000000000e+00 0.000000000000000000e+00 1.639682539682539922e-03 5.609523809523809905e-03 1.629460317460317831e-01 6.032603174603174967e-01 8.185126984126983585e-01 8.637253968253969516e-01 8.828111111111109910e-01 9.194634920634920938e-01 9.574444444444445423e-01 nan
nan nan nan nan nan nan nan nan nan nan nan nan nan nan nan 0.000000000000000000e+00 0.000000000000000000e+00 0.000000000000000000e+00 0.000000000000000000e+00 0.000000000000000000e+00 0.000000000000000000e+00 1.883571428571428619e-01 5.418396825396826211e-01 8.403428571428571692e-01 9.335809523809524002e-01 9.399412698412699108e-01 9.473031746031747025e-01 nan
nan nan nan nan nan nan nan nan nan nan nan nan nan nan nan nan nan 0.000000000000000000e+00 0.000000000000000000e+00 0.000000000000000000e+00 0.000000000000000000e+00 1.810000000000000150e-02 3.399696428571428175e-01 8.298206349206350696e-01 9.589095238095239893e-01 9.603396825396828262e-01 9.514587301587303925e-01 nan
nan nan nan nan nan nan nan nan nan nan nan nan nan nan nan nan nan nan nan nan 6.790000000000001590e-02 nan nan 7.715333333333334043e-01 9.737603174603174372e-01 9.657587301587301498e-01 nan nan
