nan nan nan 0.000000000000000000e+00 0.000000000000000000e+00 0.000000000000000000e+00 nan nan nan nan nan nan nan nan nan nan nan nan nan nan nan nan nan nan nan nan nan nan
nan nan 0.000000000000000000e+00 0.000000000000000000e+00 0.000000000000000000e+00 0.000000000000000000e+00 1.683703660964965855e-03 nan nan nan nan nan nan nan nan nan nan nan nan nan nan nan nan nan nan nan nan nan
nan nan 0.000000000000000000e+00 0.000000000000000000e+00 0.000000000000000000e+00 0.000000000000000000e+00 0.000000000000000000e+00 3.988148212432861273e-02 nan nan nan nan nan nan nan nan nan nan nan nan nan nan nan nan nan nan nan nan
nan 0.000000000000000000e+00 0.000000000000000000e+00 0.000000000000000000e+00 0.000000000000000000e+00 0.000000000000000000e+00 0.000000000000000000e+00 0.000000000000000000e+00 1.956851768493652333e-01 nan nan nan nan nan nan nan nan nan nan nan nan nan nan nan nan nan nan nan
0.000000000000000000e+00 0.000000000000000000e+00 0.000000000000000000e+00 0.000000000000000000e+00 0.000000000000000000e+00 0.000000000000000000e+00 0.000000000000000000e+00 0.000000000000000000e+00 1.114429664611816390e-01 5.768288803100586337e-01 nan nan nan nan nan nan nan nan nan nan nan nan nan nan nan nan nan nan
0.000000000000000000e+00 0.000000000000000000e+00 0.000000000000000000e+00 0.000000000000000000e+00 0.000000000000000000e+00 0.000000000000000000e+00 0.000000000000000000e+00 0.000000000000000000e+00 1.819955635070800715e-01 5.144666671752929910e-01 nan nan nan nan nan nan nan nan nan nan nan nan nan nan nan nan nan nan
0.000000000000000000e+00 0.000000000000000000e+00 0.000000000000000000e+00 0.000000000000000000e+00 0.000000000000000000e+00 0.000000000000000000e+00 0.000000000000000000e+00 0.000000000000000000e+00 3.860525894165038885e-01 nan nan nan nan nan nan nan nan nan nan nan nan nan nan nan nan nan nan nan
0.000000000000000000e+00 0.000000000000000000e+00 0.000000000000000000e+00 0.000000000000000000e+00 0.000000000000000000e+00 0.000000000000000000e+00 0.000000000000000000e+00 2.203851938247680664e-02 4.665089035034179488e-01 nan nan nan nan nan nan nan nan nan nan nan nan nan nan nan nan nan nan nan
nan 0.000000000000000000e+00 0.000000000000000000e+00 0.000000000000000000e+00 0.000000000000000000e+00 0.000000000000000000e+00 0.000000000000000000e+00 1.946940803527832109e-01 7.205266571044921520e-01 8.611762237548827859e-01 nan nan nan nan nan nan nan nan nan nan nan nan nan nan nan nan nan nan
nan 0.000000000000000000e+00 0.000000000000000000e+00 0.000000000000000000e+00 0.000000000000000000e+00 0.000000000000000000e+00 0.000000000000000000e+00 4.334518432617187611e-02 3.952155685424804665e-01 8.423748016357421875e-01 nan nan nan nan nan nan nan nan nan nan nan nan nan nan nan nan nan nan
nan 0.000000000000000000e+00 0.000000000000000000e+00 0.000000000000000000e+00 0.000000000000000000e+00 0.000000000000000000e+00 0.000000000000000000e+00 1.132518529891967697e-02 2.163659286499023393e-01 7.515673828125000178e-01 nan nan nan nan nan nan nan nan nan nan nan nan nan nan nan nan nan nan
nan nan 0.000000000000000000e+00 0.000000000000000000e+00 0.000000000000000000e+00 0.000000000000000000e+00 0.000000000000000000e+00 9.473999977111816073e-02 5.716103744506836337e-01 8.894622039794921609e-01 nan nan nan nan nan nan nan nan nan nan nan nan nan nan nan nan nan nan
nan nan 0.000000000000000000e+00 0.000000000000000000e+00 2.155544471740722667e-01 2.266133308410644628e-02 0.000000000000000000e+00 5.244444370269775446e-02 5.635066604614258345e-01 8.825025177001952770e-01 nan nan nan nan nan nan nan nan nan nan nan nan nan nan nan nan nan nan
nan nan nan nan nan nan 0.000000000000000000e+00 9.148148298263549319e-03 4.053392410278320312e-01 8.217549896240234908e-01 nan nan nan nan nan nan nan nan nan nan nan nan nan nan nan nan nan nan
nan nan nan nan nan 7.360740900039673164e-03 0.000000000000000000e+00 3.828148245811462298e-03 2.493681526184081954e-01 7.588059234619141113e-01 8.904199981689453480e-01 nan nan nan nan nan nan nan nan nan nan nan nan nan nan nan nan nan
nan nan nan nan nan 0.000000000000000000e+00 0.000000000000000000e+00 0.000000000000000000e+00 5.756888866424560852e-02 6.268866729736327637e-01 8.726695251464843262e-01 nan nan nan nan nan nan nan nan nan nan nan nan nan nan nan nan nan
nan nan nan nan nan 0.000000000000000000e+00 0.000000000000000000e+00 0.000000000000000000e+00 1.246370315551757757e-02 4.410688781738281161e-01 8.262503814697265137e-01 8.852704620361327992e-01 9.302626800537109331e-01 9.790893554687499778e-01 nan 1.000000000000000000e+00 nan nan nan nan nan nan nan nan nan nan nan nan
nan nan nan nan 0.000000000000000000e+00 0.000000000000000000e+00 0.000000000000000000e+00 0.000000000000000000e+00 0.000000000000000000e+00 1.961918449401855447e-01 6.680059051513671520e-01 8.747777557373046520e-01 9.113266754150390891e-01 9.233792877197265492e-01 9.728816986083984597e-01 nan nan nan nan nan nan nan nan nan nan nan nan nan
nan nan nan nan nan 0.000000000000000000e+00 0.000000000000000000e+00 0.000000000000000000e+00 0.000000000000000000e+00 2.236222267150879059e-02 2.866288948059081965e-01 7.552999877929686967e-01 9.011570739746094238e-01 8.985044097900390936e-01 9.067533111572265714e-01 9.375455474853515714e-01 nan nan nan nan nan nan nan nan nan nan nan nan
nan nan nan nan nan nan 0.000000000000000000e+00 0.000000000000000000e+00 0.000000000000000000e+00 0.000000000000000000e+00 1.589851856231689481e-02 3.272770309448242432e-01 7.783792877197265314e-01 8.901718139648437944e-01 8.946910858154296653e-01 8.838059234619141113e-01 9.255000305175781206e-01 9.454022216796874600e-01 9.553146362304687500e-01 nan nan nan nan nan nan nan nan nan
nan nan nan nan nan nan nan 0.000000000000000000e+00 0.000000000000000000e+00 0.000000000000000000e+00 0.000000000000000000e+00 6.123777866363525058e-02 4.486918640136718928e-01 8.267436981201171653e-01 8.914607238769530762e-01 8.872629547119140758e-01 9.006192779541015714e-01 9.251000213623047363e-01 9.516881561279296742e-01 9.200299835205077992e-01 9.742366790771483931e-01 9.805500030517577681e-01 nan nan nan nan nan nan
nan nan nan nan nan nan nan 0.000000000000000000e+00 0.000000000000000000e+00 0.000000000000000000e+00 0.000000000000000000e+00 0.000000000000000000e+00 9.194370269775391236e-02 4.451688766479492410e-01 7.806459045410156783e-01 8.897385406494140447e-01 8.854355621337890447e-01 9.130110931396484553e-01 9.195851898193359020e-01 9.422074127197265225e-01 9.380192565917968572e-01 9.490066528320312278e-01 9.397875213623047008e-01 9.151799774169921964e-01 nan nan nan nan
nan nan nan nan nan nan nan nan 0.000000000000000000e+00 0.000000000000000000e+00 0.000000000000000000e+00 0.000000000000000000e+00 4.714814722537994177e-03 8.930073738098144587e-02 3.071933364868164040e-01 6.059229660034179954e-01 8.467836761474609730e-01 9.065555572509765847e-01 9.249674224853515758e-01 9.217748260498046520e-01 9.213370513916016025e-01 9.263703918457031339e-01 9.178244781494140359e-01 8.833228302001953081e-01 nan 9.123485565185547319e-01 8.519283294677734153e-01 nan
nan nan nan nan nan nan nan nan nan 0.000000000000000000e+00 0.000000000000000000e+00 0.000000000000000000e+00 0.000000000000000000e+00 2.381481528282165371e-03 1.475703716278076172e-02 8.986814498901367354e-02 4.144933319091796964e-01 7.699118804931640581e-01 8.918881225585937322e-01 9.153266906738281028e-01 9.036978149414062189e-01 8.836733245849609508e-01 8.863548278808593972e-01 8.950607299804687056e-01 8.033876037597655895e-01 8.520092010498047097e-01 9.138340759277343572e-01 nan
nan nan nan nan nan nan nan nan nan nan 0.000000000000000000e+00 0.000000000000000000e+00 0.000000000000000000e+00 0.000000000000000000e+00 0.000000000000000000e+00 0.000000000000000000e+00 3.391333341598510437e-02 3.175733375549316673e-01 6.767533111572265891e-01 8.072385406494140270e-01 8.628466796874999512e-01 8.899155426025390225e-01 8.942592620849609819e-01 9.065392303466797141e-01 9.218029785156249822e-01 9.482007598876953658e-01 9.688570404052734286e-01 nan
nan nan nan nan nan nan nan nan nan nan nan nan 0.000000000000000000e+00 0.000000000000000000e+00 0.000000000000000000e+00 0.000000000000000000e+00 0.000000000000000000e+00 3.344222307205200334e-02 1.660488891601562544e-01 3.828688812255859331e-01 6.088859176635742498e-01 8.434829711914062500e-01 8.995985412597655717e-01 9.123963165283203169e-01 9.377592468261718439e-01 9.733518218994140492e-01 9.839926147460937855e-01 nan
nan nan nan nan nan nan nan nan nan nan nan nan nan 0.000000000000000000e+00 0.000000000000000000e+00 0.000000000000000000e+00 0.000000000000000000e+00 0.000000000000000000e+00 0.000000000000000000e+00 2.000000000000000042e-02 1.460740756988525291e-01 5.634999847412109908e-01 7.925666809082031472e-01 9.090355682373046919e-01 9.390955352783203480e-01 9.567251586914062855e-01 9.632511138916015625e-01 nan
nan nan nan nan nan nan nan nan nan nan nan nan nan nan nan 0.000000000000000000e+00 0.000000000000000000e+00 0.000000000000000000e+00 0.000000000000000000e+00 0.000000000000000000e+00 0.000000000000000000e+00 7.525777816772460938e-02 5.808933258056641069e-01 9.157859039306640581e-01 9.475940704345703347e-01 9.471674346923828480e-01 9.510044097900390847e-01 nan
nan nan nan nan nan nan nan nan nan nan nan nan nan nan nan nan nan 0.000000000000000000e+00 0.000000000000000000e+00 0.000000000000000000e+00 0.000000000000000000e+00 1.260666608810424860e-02 5.387808227539062633e-01 9.403370666503906294e-01 9.649192810058593306e-01 9.604799652099609286e-01 9.602288818359374645e-01 nan
nan nan nan nan nan nan nan nan nan nan nan nan nan nan nan nan nan nan nan nan 3.024933338165283064e-02 nan nan 8.882962799072265936e-01 9.603325653076172363e-01 9.596289062499999689e-01 nan nan
