nan nan nan 0.000000000000000000e+00 0.000000000000000000e+00 0.000000000000000000e+00 nan nan nan nan nan nan nan nan nan nan nan nan nan nan nan nan nan nan nan nan nan nan
nan nan 0.000000000000000000e+00 0.000000000000000000e+00 0.000000000000000000e+00 0.000000000000000000e+00 0.000000000000000000e+00 nan nan nan nan nan nan nan nan nan nan nan nan nan nan nan nan nan nan nan nan nan
nan nan 0.000000000000000000e+00 0.000000000000000000e+00 0.000000000000000000e+00 0.000000000000000000e+00 0.000000000000000000e+00 3.735238095238095635e-02 nan nan nan nan nan nan nan nan nan nan nan nan nan nan nan nan nan nan nan nan
nan 0.000000000000000000e+00 0.000000000000000000e+00 0.000000000000000000e+00 0.000000000000000000e+00 0.000000000000000000e+00 0.000000000000000000e+00 0.000000000000000000e+00 2.369682539682539668e-01 nan nan nan nan nan nan nan nan nan nan nan nan nan nan nan nan nan nan nan
0.000000000000000000e+00 0.000000000000000000e+00 0.000000000000000000e+00 0.000000000000000000e+00 0.000000000000000000e+00 0.000000000000000000e+00 0.000000000000000000e+00 0.000000000000000000e+00 1.234269841269841211e-01 4.074126984126983930e-01 nan nan nan nan nan nan nan nan nan nan nan nan nan nan nan nan nan nan
0.000000000000000000e+00 0.000000000000000000e+00 0.000000000000000000e+00 0.000000000000000000e+00 0.000000000000000000e+00 0.000000000000000000e+00 0.000000000000000000e+00 0.000000000000000000e+00 5.724920634920634133e-02 2.222000000000000364e-01 nan nan nan nan nan nan nan nan nan nan nan nan nan nan nan nan nan nan
0.000000000000000000e+00 0.000000000000000000e+00 0.000000000000000000e+00 0.000000000000000000e+00 0.000000000000000000e+00 0.000000000000000000e+00 0.000000000000000000e+00 1.700000000000000122e-03 2.175365079365079446e-01 nan nan nan nan nan nan nan nan nan nan nan nan nan nan nan nan nan nan nan
0.000000000000000000e+00 0.000000000000000000e+00 0.000000000000000000e+00 0.000000000000000000e+00 0.000000000000000000e+00 0.000000000000000000e+00 0.000000000000000000e+00 1.700000000000000122e-03 2.833825396825396803e-01 nan nan nan nan nan nan nan nan nan nan nan nan nan nan nan nan nan nan nan
nan 0.000000000000000000e+00 0.000000000000000000e+00 0.000000000000000000e+00 0.000000000000000000e+00 0.000000000000000000e+00 0.000000000000000000e+00 3.889841269841269600e-02 3.791222222222221938e-01 6.922061224489794995e-01 nan nan nan nan nan nan nan nan nan nan nan nan nan nan nan nan nan nan
nan 0.000000000000000000e+00 0.000000000000000000e+00 0.000000000000000000e+00 0.000000000000000000e+00 0.000000000000000000e+00 0.000000000000000000e+00 2.754603174603174540e-02 3.089190476190475931e-01 7.559841269841268696e-01 nan nan nan nan nan nan nan nan nan nan nan nan nan nan nan nan nan nan
nan 0.000000000000000000e+00 0.000000000000000000e+00 0.000000000000000000e+00 0.000000000000000000e+00 0.000000000000000000e+00 0.000000000000000000e+00 0.000000000000000000e+00 2.753619047619047522e-01 8.464190476190475154e-01 nan nan nan nan nan nan nan nan nan nan nan nan nan nan nan nan nan nan
nan nan 0.000000000000000000e+00 0.000000000000000000e+00 0.000000000000000000e+00 0.000000000000000000e+00 0.000000000000000000e+00 2.485873015873015998e-02 4.720841269841269949e-01 9.490539682539682609e-01 nan nan nan nan nan nan nan nan nan nan nan nan nan nan nan nan nan nan
nan nan 0.000000000000000000e+00 0.000000000000000000e+00 0.000000000000000000e+00 2.167142857142857412e-02 0.000000000000000000e+00 4.623968253968253894e-02 5.248650793650794233e-01 9.132285714285712785e-01 nan nan nan nan nan nan nan nan nan nan nan nan nan nan nan nan nan nan
nan nan nan nan nan nan 0.000000000000000000e+00 1.661428571428571338e-02 3.907412698412698338e-01 8.401232142857142371e-01 nan nan nan nan nan nan nan nan nan nan nan nan nan nan nan nan nan nan
nan nan nan nan nan 4.828571428571428598e-03 0.000000000000000000e+00 2.292063492063491949e-03 1.842317460317460243e-01 6.388174603174603394e-01 8.891785714285712627e-01 nan nan nan nan nan nan nan nan nan nan nan nan nan nan nan nan nan
nan nan nan nan nan 0.000000000000000000e+00 0.000000000000000000e+00 0.000000000000000000e+00 1.243174603174603161e-02 4.548539682539682882e-01 7.789448979591837574e-01 nan nan nan nan nan nan nan nan nan nan nan nan nan nan nan nan nan
nan nan nan nan nan 0.000000000000000000e+00 0.000000000000000000e+00 0.000000000000000000e+00 0.000000000000000000e+00 2.854857142857143426e-01 7.217999999999998861e-01 8.653551020408163374e-01 9.125057142857141423e-01 9.957885714285713563e-01 nan 1.000000000000000000e+00 nan nan nan nan nan nan nan nan nan nan nan nan
nan nan nan nan 0.000000000000000000e+00 0.000000000000000000e+00 0.000000000000000000e+00 0.000000000000000000e+00 0.000000000000000000e+00 3.285396825396825343e-02 4.208142857142857518e-01 7.224539682539683483e-01 8.055349206349207147e-01 8.627873015873016582e-01 9.494517857142856787e-01 nan nan nan nan nan nan nan nan nan nan nan nan nan
nan nan nan nan nan 0.000000000000000000e+00 0.000000000000000000e+00 0.000000000000000000e+00 0.000000000000000000e+00 0.000000000000000000e+00 2.979841269841269208e-02 3.082857142857142740e-01 6.965841269841268613e-01 7.205777777777778725e-01 7.987158730158731013e-01 8.613809523809523583e-01 nan nan nan nan nan nan nan nan nan nan nan nan
nan nan nan nan nan nan 0.000000000000000000e+00 0.000000000000000000e+00 0.000000000000000000e+00 0.000000000000000000e+00 0.000000000000000000e+00 1.998412698412698092e-03 4.189746031746032218e-01 8.231761904761906168e-01 8.115285714285715990e-01 7.947444444444445866e-01 8.789857142857142591e-01 9.813095238095239647e-01 9.976542857142857157e-01 nan nan nan nan nan nan nan nan nan
nan nan nan nan nan nan nan 0.000000000000000000e+00 0.000000000000000000e+00 0.000000000000000000e+00 0.000000000000000000e+00 0.000000000000000000e+00 2.163412698412698343e-01 6.936222222222222511e-01 8.634174603174602503e-01 8.706428571428571628e-01 8.933714285714284831e-01 9.485396825396825715e-01 9.891269841269840768e-01 9.865428571428571658e-01 1.000000000000000000e+00 1.000000000000000000e+00 nan nan nan nan nan nan
nan nan nan nan nan nan nan 0.000000000000000000e+00 0.000000000000000000e+00 0.000000000000000000e+00 0.000000000000000000e+00 0.000000000000000000e+00 9.542857142857142858e-03 2.333857142857143352e-01 6.002603174603173830e-01 7.591428571428572303e-01 8.383634920634921439e-01 9.156666666666666288e-01 9.473968253968254594e-01 9.938126984126985919e-01 9.974761904761905162e-01 9.927126984126983800e-01 9.761446428571430856e-01 9.386857142857141234e-01 nan nan nan nan
nan nan nan nan nan nan nan nan 0.000000000000000000e+00 0.000000000000000000e+00 0.000000000000000000e+00 0.000000000000000000e+00 0.000000000000000000e+00 7.411111111111110504e-03 1.214968253968253947e-01 3.442365079365079517e-01 6.810301587301585968e-01 7.973555555555554841e-01 8.717301587301587995e-01 8.991603174603174375e-01 9.503507936507936682e-01 9.704365079365078195e-01 9.429666666666665087e-01 9.178816326530612191e-01 nan 9.312061224489797118e-01 9.142089285714284363e-01 nan
nan nan nan nan nan nan nan nan nan 0.000000000000000000e+00 0.000000000000000000e+00 0.000000000000000000e+00 0.000000000000000000e+00 0.000000000000000000e+00 0.000000000000000000e+00 5.745555555555556526e-02 3.079476190476189701e-01 5.680968253968253778e-01 7.563396825396826451e-01 7.972222222222222765e-01 8.574047619047620028e-01 9.014619047619047976e-01 8.961142857142858631e-01 8.824476190476190363e-01 8.305081632653060764e-01 8.902482142857143232e-01 9.377174603174602829e-01 nan
nan nan nan nan nan nan nan nan nan nan 0.000000000000000000e+00 0.000000000000000000e+00 0.000000000000000000e+00 0.000000000000000000e+00 0.000000000000000000e+00 0.000000000000000000e+00 2.168571428571428733e-02 2.892492063492063670e-01 5.871095238095237479e-01 6.498238095238096923e-01 7.358936507936507665e-01 8.127380952380954815e-01 8.797619047619046340e-01 8.843571428571427306e-01 9.049460317460317205e-01 9.529555555555556667e-01 9.832809523809522556e-01 nan
nan nan nan nan nan nan nan nan nan nan nan nan 0.000000000000000000e+00 0.000000000000000000e+00 0.000000000000000000e+00 0.000000000000000000e+00 0.000000000000000000e+00 9.786507936507937711e-02 2.354571428571428648e-01 3.055412698412698913e-01 4.541873015873014729e-01 7.561126984126984585e-01 8.435269841269843472e-01 9.084238095238095223e-01 9.135238095238095157e-01 9.681555555555558801e-01 9.833650793650794419e-01 nan
nan nan nan nan nan nan nan nan nan nan nan nan nan 0.000000000000000000e+00 0.000000000000000000e+00 0.000000000000000000e+00 0.000000000000000000e+00 0.000000000000000000e+00 1.576190476190476256e-03 1.785714285714285659e-03 1.885396825396825904e-01 6.542333333333334444e-01 8.148047619047619206e-01 8.926619047619047675e-01 9.148174603174601405e-01 9.412047619047618774e-01 9.632492063492064105e-01 nan
nan nan nan nan nan nan nan nan nan nan nan nan nan nan nan 0.000000000000000000e+00 0.000000000000000000e+00 0.000000000000000000e+00 0.000000000000000000e+00 0.000000000000000000e+00 2.589047619047619292e-02 2.438523809523809316e-01 6.389190476190476087e-01 8.949936507936507857e-01 9.295984126984125906e-01 9.317936507936508406e-01 9.545682539682539547e-01 nan
nan nan nan nan nan nan nan nan nan nan nan nan nan nan nan nan nan 0.000000000000000000e+00 0.000000000000000000e+00 0.000000000000000000e+00 0.000000000000000000e+00 1.282678571428571071e-02 5.029660714285715262e-01 8.765158730158730815e-01 9.322301587301586867e-01 9.592730158730158330e-01 9.616650793650792783e-01 nan
nan nan nan nan nan nan nan nan nan nan nan nan nan nan nan nan nan nan nan nan 4.268285714285714738e-02 nan nan 8.879634920634920103e-01 9.424396825396824662e-01 9.733047619047620058e-01 nan nan
