nan nan nan 0.000000000000000000e+00 0.000000000000000000e+00 0.000000000000000000e+00 nan nan nan nan nan nan nan nan nan nan nan nan nan nan nan nan nan nan nan nan nan nan
nan nan 0.000000000000000000e+00 0.000000000000000000e+00 0.000000000000000000e+00 0.000000000000000000e+00 0.000000000000000000e+00 nan nan nan nan nan nan nan nan nan nan nan nan nan nan nan nan nan nan nan nan nan
nan nan 0.000000000000000000e+00 0.000000000000000000e+00 0.000000000000000000e+00 0.000000000000000000e+00 0.000000000000000000e+00 0.000000000000000000e+00 nan nan nan nan nan nan nan nan nan nan nan nan nan nan nan nan nan nan nan nan
nan 0.000000000000000000e+00 0.000000000000000000e+00 0.000000000000000000e+00 0.000000000000000000e+00 0.000000000000000000e+00 0.000000000000000000e+00 0.000000000000000000e+00 1.037407398223876877e-02 nan nan nan nan nan nan nan nan nan nan nan nan nan nan nan nan nan nan nan
0.000000000000000000e+00 0.000000000000000000e+00 0.000000000000000000e+00 0.000000000000000000e+00 0.000000000000000000e+00 0.000000000000000000e+00 0.000000000000000000e+00 0.000000000000000000e+00 6.942963004112243444e-03 5.182592391967773271e-02 nan nan nan nan nan nan nan nan nan nan nan nan nan nan nan nan nan nan
0.000000000000000000e+00 0.000000000000000000e+00 0.000000000000000000e+00 0.000000000000000000e+00 0.000000000000000000e+00 0.000000000000000000e+00 0.000000000000000000e+00 0.000000000000000000e+00 6.062222123146057511e-03 2.454799890518188574e-02 nan nan nan nan nan nan nan nan nan nan nan nan nan nan nan nan nan nan
0.000000000000000000e+00 0.000000000000000000e+00 0.000000000000000000e+00 0.000000000000000000e+00 0.000000000000000000e+00 0.000000000000000000e+00 0.000000000000000000e+00 0.000000000000000000e+00 6.127629756927490540e-02 nan nan nan nan nan nan nan nan nan nan nan nan nan nan nan nan nan nan nan
0.000000000000000000e+00 0.000000000000000000e+00 0.000000000000000000e+00 0.000000000000000000e+00 0.000000000000000000e+00 0.000000000000000000e+00 0.000000000000000000e+00 0.000000000000000000e+00 1.105459213256835965e-01 nan nan nan nan nan nan nan nan nan nan nan nan nan nan nan nan nan nan nan
nan 0.000000000000000000e+00 0.000000000000000000e+00 0.000000000000000000e+00 0.000000000000000000e+00 0.000000000000000000e+00 0.000000000000000000e+00 6.843703985214233572e-03 2.101607322692871094e-01 4.356828689575195090e-01 nan nan nan nan nan nan nan nan nan nan nan nan nan nan nan nan nan nan
nan 0.000000000000000000e+00 0.000000000000000000e+00 0.000000000000000000e+00 0.000000000000000000e+00 0.000000000000000000e+00 0.000000000000000000e+00 1.684148192405700642e-02 2.359266662597656328e-01 5.116214752197265625e-01 nan nan nan nan nan nan nan nan nan nan nan nan nan nan nan nan nan nan
nan 0.000000000000000000e+00 0.000000000000000000e+00 0.000000000000000000e+00 0.000000000000000000e+00 0.000000000000000000e+00 1.274963021278381278e-02 1.768229675292968817e-01 4.341236877441406183e-01 6.373970413208007724e-01 nan nan nan nan nan nan nan nan nan nan nan nan nan nan nan nan nan nan
nan nan 0.000000000000000000e+00 0.000000000000000000e+00 0.000000000000000000e+00 0.000000000000000000e+00 4.786148071289062639e-02 4.631962966918945490e-01 7.325696563720702770e-01 7.740489196777343706e-01 nan nan nan nan nan nan nan nan nan nan nan nan nan nan nan nan nan nan
nan nan 0.000000000000000000e+00 0.000000000000000000e+00 3.611111044883727993e-03 2.644000053405761580e-02 3.212222337722778209e-02 3.648925781249999778e-01 7.074407196044921742e-01 8.281524658203125444e-01 nan nan nan nan nan nan nan nan nan nan nan nan nan nan nan nan nan nan
nan nan nan nan nan nan 9.915555715560913849e-03 1.313785171508788929e-01 4.543881607055664240e-01 8.139608001708984464e-01 nan nan nan nan nan nan nan nan nan nan nan nan nan nan nan nan nan nan
nan nan nan nan nan 5.365926027297973806e-03 1.905925869941711486e-03 2.690963029861450154e-02 2.178866577148437511e-01 6.804881286621093928e-01 8.950933074951171742e-01 nan nan nan nan nan nan nan nan nan nan nan nan nan nan nan nan nan
nan nan nan nan nan 0.000000000000000000e+00 0.000000000000000000e+00 8.785185217857360450e-04 1.495037078857421910e-02 3.681311035156250022e-01 7.900695037841797275e-01 nan nan nan nan nan nan nan nan nan nan nan nan nan nan nan nan nan
nan nan nan nan nan 0.000000000000000000e+00 0.000000000000000000e+00 0.000000000000000000e+00 0.000000000000000000e+00 8.423110961914062611e-02 6.549784851074218484e-01 8.479695129394531072e-01 9.096600341796875488e-01 9.288306427001953303e-01 nan 9.134432983398437234e-01 nan nan nan nan nan nan nan nan nan nan nan nan
nan nan nan nan 0.000000000000000000e+00 0.000000000000000000e+00 0.000000000000000000e+00 0.000000000000000000e+00 0.000000000000000000e+00 0.000000000000000000e+00 1.175140762329101585e-01 3.912733459472656494e-01 7.586740875244140092e-01 9.008866882324219061e-01 8.915274810791015137e-01 nan nan nan nan nan nan nan nan nan nan nan nan nan
nan nan nan nan nan 0.000000000000000000e+00 0.000000000000000000e+00 0.000000000000000000e+00 0.000000000000000000e+00 0.000000000000000000e+00 0.000000000000000000e+00 1.737111091613769559e-02 2.949311065673828058e-01 7.313236999511718572e-01 8.764414978027343928e-01 9.023955535888671387e-01 nan nan nan nan nan nan nan nan nan nan nan nan
nan nan nan nan nan nan 0.000000000000000000e+00 0.000000000000000000e+00 0.000000000000000000e+00 0.000000000000000000e+00 0.000000000000000000e+00 0.000000000000000000e+00 2.498518526554107527e-03 2.542118453979492210e-01 6.662659454345702947e-01 8.616651916503905717e-01 8.634011077880859863e-01 8.822422027587890625e-01 9.183626556396484730e-01 nan nan nan nan nan nan nan nan nan
nan nan nan nan nan nan nan 0.000000000000000000e+00 0.000000000000000000e+00 0.000000000000000000e+00 0.000000000000000000e+00 0.000000000000000000e+00 0.000000000000000000e+00 0.000000000000000000e+00 2.052311134338379028e-01 7.050910949707031028e-01 8.861577606201171964e-01 9.171570587158203169e-01 9.420274353027343617e-01 9.183550262451172230e-01 9.135266876220703436e-01 9.337733459472655762e-01 nan nan nan nan nan nan
nan nan nan nan nan nan nan 0.000000000000000000e+00 0.000000000000000000e+00 0.000000000000000000e+00 0.000000000000000000e+00 0.000000000000000000e+00 0.000000000000000000e+00 0.000000000000000000e+00 3.540740609169006157e-03 2.820518493652343639e-01 7.675363159179687811e-01 9.035303497314453036e-01 9.219599914550781206e-01 9.365407562255859686e-01 9.348822021484375355e-01 9.175511169433593350e-01 8.816333007812500178e-01 8.077666473388671609e-01 nan nan nan nan
nan nan nan nan nan nan nan nan 0.000000000000000000e+00 0.000000000000000000e+00 0.000000000000000000e+00 0.000000000000000000e+00 0.000000000000000000e+00 0.000000000000000000e+00 0.000000000000000000e+00 2.010518550872802609e-02 4.670792770385742143e-01 8.338762664794922008e-01 9.149311065673828569e-01 9.458422088623046342e-01 9.470378112792968706e-01 9.379237365722655762e-01 9.166296386718749689e-01 8.325352478027343572e-01 nan 9.745485687255859286e-01 9.252600097656249467e-01 nan
nan nan nan nan nan nan nan nan nan 0.000000000000000000e+00 0.000000000000000000e+00 0.000000000000000000e+00 0.000000000000000000e+00 0.000000000000000000e+00 0.000000000000000000e+00 0.000000000000000000e+00 5.279851913452148632e-02 3.889059448242187522e-01 6.991000366210937678e-01 8.979333496093749867e-01 9.420340728759765137e-01 9.404629516601562544e-01 9.223044586181640137e-01 8.190621948242187145e-01 7.131990814208983842e-01 8.821091461181640447e-01 9.220466613769531250e-01 nan
nan nan nan nan nan nan nan nan nan nan 0.000000000000000000e+00 0.000000000000000000e+00 0.000000000000000000e+00 0.000000000000000000e+00 0.000000000000000000e+00 0.000000000000000000e+00 0.000000000000000000e+00 2.271333217620849498e-02 1.572511100769042880e-01 3.702162933349609220e-01 6.748681640625000533e-01 8.222785186767578303e-01 8.642318725585937944e-01 8.498407745361328258e-01 8.697052001953125000e-01 8.984614562988281206e-01 9.151792907714844105e-01 nan
nan nan nan nan nan nan nan nan nan nan nan nan 0.000000000000000000e+00 0.000000000000000000e+00 0.000000000000000000e+00 0.000000000000000000e+00 0.000000000000000000e+00 0.000000000000000000e+00 0.000000000000000000e+00 0.000000000000000000e+00 1.171696281433105419e-01 3.531459426879882679e-01 5.999681472778319868e-01 8.654392242431641069e-01 9.126281738281250000e-01 9.247229766845702637e-01 9.078474426269531605e-01 nan
nan nan nan nan nan nan nan nan nan nan nan nan nan 0.000000000000000000e+00 0.000000000000000000e+00 0.000000000000000000e+00 0.000000000000000000e+00 0.000000000000000000e+00 0.000000000000000000e+00 0.000000000000000000e+00 0.000000000000000000e+00 1.166000008583068827e-02 7.283407211303710715e-02 5.433918380737304821e-01 9.103710937500000266e-01 9.340873718261718528e-01 9.022126007080077947e-01 nan
nan nan nan nan nan nan nan nan nan nan nan nan nan nan nan 0.000000000000000000e+00 0.000000000000000000e+00 0.000000000000000000e+00 0.000000000000000000e+00 0.000000000000000000e+00 0.000000000000000000e+00 0.000000000000000000e+00 0.000000000000000000e+00 9.875185012817383479e-02 5.584074020385741965e-01 8.442733001708984109e-01 8.997422027587890225e-01 nan
nan nan nan nan nan nan nan nan nan nan nan nan nan nan nan nan nan 0.000000000000000000e+00 0.000000000000000000e+00 0.000000000000000000e+00 0.000000000000000000e+00 1.356999993324279827e-02 0.000000000000000000e+00 0.000000000000000000e+00 3.023333311080932465e-02 3.512103652954101651e-01 8.339703369140625266e-01 nan
nan nan nan nan nan nan nan nan nan nan nan nan nan nan nan nan nan nan nan nan 6.500266551971435602e-02 nan nan 0.000000000000000000e+00 0.000000000000000000e+00 8.027555465698242576e-02 nan nan
