nan nan nan 0.000000000000000000e+00 0.000000000000000000e+00 0.000000000000000000e+00 nan nan nan nan nan nan nan nan nan nan nan nan nan nan nan nan nan nan nan nan nan nan
nan nan 0.000000000000000000e+00 0.000000000000000000e+00 0.000000000000000000e+00 0.000000000000000000e+00 0.000000000000000000e+00 nan nan nan nan nan nan nan nan nan nan nan nan nan nan nan nan nan nan nan nan nan
nan nan 0.000000000000000000e+00 0.000000000000000000e+00 0.000000000000000000e+00 0.000000000000000000e+00 0.000000000000000000e+00 6.217999935150146651e-02 nan nan nan nan nan nan nan nan nan nan nan nan nan nan nan nan nan nan nan nan
nan 0.000000000000000000e+00 0.000000000000000000e+00 0.000000000000000000e+00 0.000000000000000000e+00 0.000000000000000000e+00 0.000000000000000000e+00 8.111111074686050805e-04 2.485925865173339855e-01 nan nan nan nan nan nan nan nan nan nan nan nan nan nan nan nan nan nan nan
0.000000000000000000e+00 0.000000000000000000e+00 0.000000000000000000e+00 0.000000000000000000e+00 0.000000000000000000e+00 0.000000000000000000e+00 0.000000000000000000e+00 0.000000000000000000e+00 9.704073905944823886e-02 5.784096145629882280e-01 nan nan nan nan nan nan nan nan nan nan nan nan nan nan nan nan nan nan
0.000000000000000000e+00 0.000000000000000000e+00 0.000000000000000000e+00 0.000000000000000000e+00 0.000000000000000000e+00 0.000000000000000000e+00 0.000000000000000000e+00 0.000000000000000000e+00 1.652977752685546864e-01 5.389386749267578436e-01 nan nan nan nan nan nan nan nan nan nan nan nan nan nan nan nan nan nan
0.000000000000000000e+00 0.000000000000000000e+00 0.000000000000000000e+00 0.000000000000000000e+00 0.000000000000000000e+00 0.000000000000000000e+00 0.000000000000000000e+00 8.874074369668960398e-04 3.638829803466797075e-01 nan nan nan nan nan nan nan nan nan nan nan nan nan nan nan nan nan nan nan
0.000000000000000000e+00 0.000000000000000000e+00 0.000000000000000000e+00 0.000000000000000000e+00 0.000000000000000000e+00 0.000000000000000000e+00 0.000000000000000000e+00 6.625925898551940710e-03 4.292681503295898704e-01 nan nan nan nan nan nan nan nan nan nan nan nan nan nan nan nan nan nan nan
nan 0.000000000000000000e+00 0.000000000000000000e+00 0.000000000000000000e+00 0.000000000000000000e+00 0.000000000000000000e+00 0.000000000000000000e+00 1.428518533706665122e-02 4.790111160278320290e-01 9.034162139892578658e-01 nan nan nan nan nan nan nan nan nan nan nan nan nan nan nan nan nan nan
nan 0.000000000000000000e+00 0.000000000000000000e+00 0.000000000000000000e+00 0.000000000000000000e+00 0.000000000000000000e+00 0.000000000000000000e+00 8.088888972997665102e-04 2.599688911437988414e-01 8.081318664550781738e-01 nan nan nan nan nan nan nan nan nan nan nan nan nan nan nan nan nan nan
nan 0.000000000000000000e+00 0.000000000000000000e+00 0.000000000000000000e+00 0.000000000000000000e+00 0.000000000000000000e+00 0.000000000000000000e+00 0.000000000000000000e+00 6.538518428802490845e-02 5.779148101806640403e-01 nan nan nan nan nan nan nan nan nan nan nan nan nan nan nan nan nan nan
nan nan 0.000000000000000000e+00 0.000000000000000000e+00 0.000000000000000000e+00 0.000000000000000000e+00 0.000000000000000000e+00 7.788888812065124234e-03 3.037748146057128729e-01 7.785385131835937944e-01 nan nan nan nan nan nan nan nan nan nan nan nan nan nan nan nan nan nan
nan nan 0.000000000000000000e+00 0.000000000000000000e+00 2.002122306823730380e-01 2.175733327865600475e-02 0.000000000000000000e+00 3.154148101806640569e-02 4.765333175659179910e-01 8.700233459472656028e-01 nan nan nan nan nan nan nan nan nan nan nan nan nan nan nan nan nan nan
nan nan nan nan nan nan 0.000000000000000000e+00 5.879259109497070659e-03 3.227607345581054443e-01 8.406024932861327903e-01 nan nan nan nan nan nan nan nan nan nan nan nan nan nan nan nan nan nan
nan nan nan nan nan 4.813333451747894669e-03 0.000000000000000000e+00 0.000000000000000000e+00 1.217881488800048873e-01 6.006785202026366788e-01 9.053600311279297319e-01 nan nan nan nan nan nan nan nan nan nan nan nan nan nan nan nan nan
nan nan nan nan nan 0.000000000000000000e+00 0.000000000000000000e+00 0.000000000000000000e+00 0.000000000000000000e+00 2.528340721130371005e-01 7.881990814208984508e-01 nan nan nan nan nan nan nan nan nan nan nan nan nan nan nan nan nan
nan nan nan nan nan 0.000000000000000000e+00 0.000000000000000000e+00 0.000000000000000000e+00 0.000000000000000000e+00 5.704666614532470648e-02 5.635859298706055176e-01 8.244599914550780895e-01 9.302960205078124600e-01 9.634266662597655850e-01 nan 9.765100097656249645e-01 nan nan nan nan nan nan nan nan nan nan nan nan
nan nan nan nan 0.000000000000000000e+00 0.000000000000000000e+00 0.000000000000000000e+00 0.000000000000000000e+00 0.000000000000000000e+00 7.977777719497680534e-04 1.184948158264160223e-01 4.720874023437500178e-01 8.143237304687499512e-01 9.262036895751952770e-01 9.450466918945312766e-01 nan nan nan nan nan nan nan nan nan nan nan nan nan
nan nan nan nan nan 0.000000000000000000e+00 0.000000000000000000e+00 0.000000000000000000e+00 0.000000000000000000e+00 0.000000000000000000e+00 0.000000000000000000e+00 7.307259082794188843e-02 4.415414810180663951e-01 8.104170227050780939e-01 8.850489044189453480e-01 9.196121978759765891e-01 nan nan nan nan nan nan nan nan nan nan nan nan
nan nan nan nan nan nan 0.000000000000000000e+00 0.000000000000000000e+00 0.000000000000000000e+00 0.000000000000000000e+00 0.000000000000000000e+00 0.000000000000000000e+00 5.155703544616699330e-02 4.657703781127929821e-01 8.101296234130859197e-01 8.868540954589844150e-01 8.960355377197265492e-01 9.369200134277343439e-01 9.239186859130859020e-01 nan nan nan nan nan nan nan nan nan
nan nan nan nan nan nan nan 0.000000000000000000e+00 0.000000000000000000e+00 0.000000000000000000e+00 0.000000000000000000e+00 0.000000000000000000e+00 0.000000000000000000e+00 4.538074016571044811e-02 4.318918609619140647e-01 7.967510986328124600e-01 9.194637298583984153e-01 9.254170227050780850e-01 9.291118621826172097e-01 9.300833129882812855e-01 9.123566436767578391e-01 9.009216308593750444e-01 nan nan nan nan nan nan
nan nan nan nan nan nan nan 0.000000000000000000e+00 0.000000000000000000e+00 0.000000000000000000e+00 0.000000000000000000e+00 0.000000000000000000e+00 0.000000000000000000e+00 0.000000000000000000e+00 2.359555482864379716e-02 3.833399963378906206e-01 8.508281707763671875e-01 9.559059143066406250e-01 9.684777832031250533e-01 9.605496215820312766e-01 9.507651519775390803e-01 9.222903442382812678e-01 9.081300354003906117e-01 8.485733032226562278e-01 nan nan nan nan
nan nan nan nan nan nan nan nan 0.000000000000000000e+00 0.000000000000000000e+00 0.000000000000000000e+00 0.000000000000000000e+00 0.000000000000000000e+00 0.000000000000000000e+00 0.000000000000000000e+00 5.678444385528564481e-02 5.823799896240234863e-01 9.366444396972656294e-01 9.846807098388672408e-01 9.853029632568359730e-01 9.687414550781250355e-01 9.542007446289062500e-01 9.603273773193359286e-01 9.215476226806640359e-01 nan 9.699409484863281694e-01 9.534075164794921786e-01 nan
nan nan nan nan nan nan nan nan nan 0.000000000000000000e+00 0.000000000000000000e+00 0.000000000000000000e+00 0.000000000000000000e+00 0.000000000000000000e+00 0.000000000000000000e+00 0.000000000000000000e+00 9.924518585205077681e-02 5.659066772460937811e-01 8.961688995361327681e-01 9.827703857421874467e-01 9.787696075439452637e-01 9.605614471435547363e-01 9.621918487548828391e-01 9.220510864257812633e-01 8.041066741943359020e-01 9.228932952880859464e-01 9.609911346435546786e-01 nan
nan nan nan nan nan nan nan nan nan nan 0.000000000000000000e+00 0.000000000000000000e+00 0.000000000000000000e+00 0.000000000000000000e+00 0.000000000000000000e+00 0.000000000000000000e+00 0.000000000000000000e+00 7.186370372772216131e-02 3.485259246826171720e-01 5.704303741455077903e-01 8.342037200927734375e-01 9.513081359863281294e-01 9.567844390869140181e-01 9.468785095214843350e-01 9.500637054443359375e-01 9.625096130371093572e-01 9.676422119140625222e-01 nan
nan nan nan nan nan nan nan nan nan nan nan nan 0.000000000000000000e+00 0.000000000000000000e+00 0.000000000000000000e+00 0.000000000000000000e+00 0.000000000000000000e+00 0.000000000000000000e+00 6.671110987663268939e-03 3.578740835189819086e-02 2.839651870727539218e-01 7.145762634277343928e-01 8.317718505859375000e-01 9.340348052978515447e-01 9.632548522949219150e-01 9.693651580810547230e-01 9.626407623291015625e-01 nan
nan nan nan nan nan nan nan nan nan nan nan nan nan 0.000000000000000000e+00 0.000000000000000000e+00 0.000000000000000000e+00 0.000000000000000000e+00 0.000000000000000000e+00 0.000000000000000000e+00 0.000000000000000000e+00 2.841481566429138270e-03 1.506955528259277255e-01 2.838059234619140780e-01 7.043215179443359508e-01 9.642710876464843928e-01 9.776385498046874512e-01 9.797437286376953214e-01 nan
nan nan nan nan nan nan nan nan nan nan nan nan nan nan nan 0.000000000000000000e+00 0.000000000000000000e+00 0.000000000000000000e+00 0.000000000000000000e+00 0.000000000000000000e+00 0.000000000000000000e+00 0.000000000000000000e+00 7.099999785423278566e-03 3.058851814270019398e-01 8.652933502197265314e-01 9.700185394287109686e-01 9.883103942871094283e-01 nan
nan nan nan nan nan nan nan nan nan nan nan nan nan nan nan nan nan 0.000000000000000000e+00 0.000000000000000000e+00 0.000000000000000000e+00 0.000000000000000000e+00 1.542333364486694371e-02 0.000000000000000000e+00 2.210222244262695368e-02 3.191318511962890625e-01 8.477096557617187500e-01 9.820222473144530895e-01 nan
nan nan nan nan nan nan nan nan nan nan nan nan nan nan nan nan nan nan nan nan 7.301333427429199108e-02 nan nan 1.602444410324096666e-02 1.027681446075439514e-01 6.741429901123047186e-01 nan nan
