nan nan nan 0.000000000000000000e+00 0.000000000000000000e+00 0.000000000000000000e+00 nan nan nan nan nan nan nan nan nan nan nan nan nan nan nan nan nan nan nan nan nan nan
nan nan 0.000000000000000000e+00 0.000000000000000000e+00 0.000000000000000000e+00 0.000000000000000000e+00 0.000000000000000000e+00 nan nan nan nan nan nan nan nan nan nan nan nan nan nan nan nan nan nan nan nan nan
nan nan 0.000000000000000000e+00 0.000000000000000000e+00 0.000000000000000000e+00 0.000000000000000000e+00 0.000000000000000000e+00 0.000000000000000000e+00 nan nan nan nan nan nan nan nan nan nan nan nan nan nan nan nan nan nan nan nan
nan 0.000000000000000000e+00 0.000000000000000000e+00 0.000000000000000000e+00 0.000000000000000000e+00 0.000000000000000000e+00 0.000000000000000000e+00 0.000000000000000000e+00 0.000000000000000000e+00 nan nan nan nan nan nan nan nan nan nan nan nan nan nan nan nan nan nan nan
0.000000000000000000e+00 0.000000000000000000e+00 0.000000000000000000e+00 0.000000000000000000e+00 0.000000000000000000e+00 0.000000000000000000e+00 0.000000000000000000e+00 0.000000000000000000e+00 0.000000000000000000e+00 8.466666936874389128e-04 nan nan nan nan nan nan nan nan nan nan nan nan nan nan nan nan nan nan
0.000000000000000000e+00 0.000000000000000000e+00 0.000000000000000000e+00 0.000000000000000000e+00 0.000000000000000000e+00 0.000000000000000000e+00 0.000000000000000000e+00 0.000000000000000000e+00 0.000000000000000000e+00 5.386666581034660730e-04 nan nan nan nan nan nan nan nan nan nan nan nan nan nan nan nan nan nan
0.000000000000000000e+00 0.000000000000000000e+00 0.000000000000000000e+00 0.000000000000000000e+00 0.000000000000000000e+00 0.000000000000000000e+00 0.000000000000000000e+00 0.000000000000000000e+00 0.000000000000000000e+00 nan nan nan nan nan nan nan nan nan nan nan nan nan nan nan nan nan nan nan
0.000000000000000000e+00 0.000000000000000000e+00 0.000000000000000000e+00 0.000000000000000000e+00 0.000000000000000000e+00 0.000000000000000000e+00 0.000000000000000000e+00 0.000000000000000000e+00 0.000000000000000000e+00 nan nan nan nan nan nan nan nan nan nan nan nan nan nan nan nan nan nan nan
nan 0.000000000000000000e+00 0.000000000000000000e+00 0.000000000000000000e+00 0.000000000000000000e+00 0.000000000000000000e+00 0.000000000000000000e+00 0.000000000000000000e+00 3.147407472133636509e-03 4.432381093502044643e-03 nan nan nan nan nan nan nan nan nan nan nan nan nan nan nan nan nan nan
nan 0.000000000000000000e+00 0.000000000000000000e+00 0.000000000000000000e+00 0.000000000000000000e+00 0.000000000000000000e+00 0.000000000000000000e+00 0.000000000000000000e+00 1.057777777314186088e-03 1.173555564880371105e-01 nan nan nan nan nan nan nan nan nan nan nan nan nan nan nan nan nan nan
nan 0.000000000000000000e+00 0.000000000000000000e+00 0.000000000000000000e+00 0.000000000000000000e+00 0.000000000000000000e+00 0.000000000000000000e+00 1.249185204505920410e-02 1.996148109436035253e-02 1.481281471252441362e-01 nan nan nan nan nan nan nan nan nan nan nan nan nan nan nan nan nan nan
nan nan 0.000000000000000000e+00 0.000000000000000000e+00 0.000000000000000000e+00 0.000000000000000000e+00 2.440000027418136666e-03 9.911926269531250167e-02 1.675570297241210926e-01 3.677103805541992454e-01 nan nan nan nan nan nan nan nan nan nan nan nan nan nan nan nan nan nan
nan nan 0.000000000000000000e+00 0.000000000000000000e+00 5.347777605056763112e-03 2.439199924468994293e-02 0.000000000000000000e+00 7.131259441375732699e-02 3.523614883422851451e-01 6.725949859619140270e-01 nan nan nan nan nan nan nan nan nan nan nan nan nan nan nan nan nan nan
nan nan nan nan nan nan 0.000000000000000000e+00 9.297037124633788716e-03 2.466207313537597534e-01 7.086283111572265758e-01 nan nan nan nan nan nan nan nan nan nan nan nan nan nan nan nan nan nan
nan nan nan nan nan 7.671111226081848110e-03 0.000000000000000000e+00 0.000000000000000000e+00 1.202629661560058599e-01 5.591503524780273571e-01 8.546766662597655717e-01 nan nan nan nan nan nan nan nan nan nan nan nan nan nan nan nan nan
nan nan nan nan nan 0.000000000000000000e+00 0.000000000000000000e+00 0.000000000000000000e+00 2.161481380462646623e-02 3.414007568359375133e-01 7.378009796142578347e-01 nan nan nan nan nan nan nan nan nan nan nan nan nan nan nan nan nan
nan nan nan nan nan 0.000000000000000000e+00 0.000000000000000000e+00 0.000000000000000000e+00 0.000000000000000000e+00 1.119925880432128956e-01 5.107607269287108842e-01 7.223037719726562722e-01 8.398573303222656161e-01 8.614493560791015581e-01 nan 8.549800109863281428e-01 nan nan nan nan nan nan nan nan nan nan nan nan
nan nan nan nan 0.000000000000000000e+00 0.000000000000000000e+00 0.000000000000000000e+00 0.000000000000000000e+00 0.000000000000000000e+00 2.637481451034546023e-02 1.916688919067382757e-01 4.223363113403320046e-01 7.292814636230469105e-01 8.272074127197265314e-01 8.249216461181640980e-01 nan nan nan nan nan nan nan nan nan nan nan nan nan
nan nan nan nan nan 0.000000000000000000e+00 0.000000000000000000e+00 0.000000000000000000e+00 0.000000000000000000e+00 0.000000000000000000e+00 2.251851856708526629e-03 5.157037258148193526e-02 3.089562988281249756e-01 6.843066406250000178e-01 8.007962799072265714e-01 7.967488861083984464e-01 nan nan nan nan nan nan nan nan nan nan nan nan
nan nan nan nan nan nan 0.000000000000000000e+00 0.000000000000000000e+00 0.000000000000000000e+00 0.000000000000000000e+00 0.000000000000000000e+00 0.000000000000000000e+00 1.862666726112365695e-02 2.484888839721679787e-01 6.045777893066406339e-01 7.876000213623046697e-01 8.246477508544921564e-01 8.664733123779296831e-01 8.767293548583984242e-01 nan nan nan nan nan nan nan nan nan
nan nan nan nan nan nan nan 0.000000000000000000e+00 0.000000000000000000e+00 0.000000000000000000e+00 0.000000000000000000e+00 0.000000000000000000e+00 0.000000000000000000e+00 7.720000147819519078e-03 2.011422157287597601e-01 5.875614929199218794e-01 8.313844299316406339e-01 8.473192596435547008e-01 9.003147888183593572e-01 8.550399780273437722e-01 9.078277587890625222e-01 9.000183105468749778e-01 nan nan nan nan nan nan
nan nan nan nan nan nan nan 0.000000000000000000e+00 0.000000000000000000e+00 0.000000000000000000e+00 0.000000000000000000e+00 0.000000000000000000e+00 0.000000000000000000e+00 0.000000000000000000e+00 6.824444532394408763e-03 2.060822296142578169e-01 6.829467010498047053e-01 8.534592437744140669e-01 8.859162902832031783e-01 9.047140502929686967e-01 9.080066680908203125e-01 8.963592529296875444e-01 8.859933471679687367e-01 8.244999694824218794e-01 nan nan nan nan
nan nan nan nan nan nan nan nan 0.000000000000000000e+00 0.000000000000000000e+00 7.518518716096878485e-04 0.000000000000000000e+00 0.000000000000000000e+00 0.000000000000000000e+00 0.000000000000000000e+00 2.175703763961792103e-02 3.432274246215820113e-01 7.420051574707031694e-01 8.632481384277344016e-01 8.946836853027343439e-01 9.018962860107422319e-01 9.178652191162108842e-01 9.288037109375000266e-01 8.388218688964843572e-01 nan 9.372038269042968217e-01 9.197183227539063033e-01 nan
nan nan nan nan nan nan nan nan nan 0.000000000000000000e+00 0.000000000000000000e+00 0.000000000000000000e+00 0.000000000000000000e+00 0.000000000000000000e+00 0.000000000000000000e+00 0.000000000000000000e+00 6.759629726409911721e-02 3.772600173950195201e-01 7.408110809326171609e-01 8.770703887939452770e-01 8.936555480957031339e-01 9.183925628662109597e-01 9.198318481445312278e-01 8.727955627441406072e-01 7.801962280273437855e-01 9.200691986083984197e-01 9.776385498046874512e-01 nan
nan nan nan nan nan nan nan nan nan nan 0.000000000000000000e+00 0.000000000000000000e+00 0.000000000000000000e+00 0.000000000000000000e+00 0.000000000000000000e+00 0.000000000000000000e+00 1.698518544435501012e-03 9.597185134887695201e-02 3.549081420898437256e-01 5.674851989746093617e-01 7.675814819335937678e-01 8.633725738525390714e-01 8.982814788818359597e-01 8.980873870849609419e-01 9.218777465820312544e-01 9.594007110595703658e-01 9.800074005126953036e-01 nan
nan nan nan nan nan nan nan nan nan nan nan nan 0.000000000000000000e+00 0.000000000000000000e+00 0.000000000000000000e+00 0.000000000000000000e+00 0.000000000000000000e+00 0.000000000000000000e+00 1.972000002861023019e-02 4.723851680755615512e-02 2.123377799987792858e-01 4.468392562866210782e-01 6.204659271240234863e-01 8.486955261230468839e-01 9.067318725585937766e-01 9.440725708007812189e-01 9.709259033203124778e-01 nan
nan nan nan nan nan nan nan nan nan nan nan nan nan 0.000000000000000000e+00 0.000000000000000000e+00 0.000000000000000000e+00 0.000000000000000000e+00 0.000000000000000000e+00 0.000000000000000000e+00 0.000000000000000000e+00 0.000000000000000000e+00 2.865185260772705120e-02 9.524147987365721990e-02 5.523992538452148215e-01 8.700347900390624778e-01 9.065029907226562766e-01 9.386170196533203391e-01 nan
nan nan nan nan nan nan nan nan nan nan nan nan nan nan nan 0.000000000000000000e+00 0.000000000000000000e+00 0.000000000000000000e+00 0.000000000000000000e+00 0.000000000000000000e+00 0.000000000000000000e+00 0.000000000000000000e+00 7.851851731538772887e-04 2.683792686462402322e-01 7.840770721435547097e-01 8.846585083007812988e-01 9.286251831054687100e-01 nan
nan nan nan nan nan nan nan nan nan nan nan nan nan nan nan nan nan 0.000000000000000000e+00 0.000000000000000000e+00 0.000000000000000000e+00 0.000000000000000000e+00 1.207833290100097587e-02 0.000000000000000000e+00 7.801481485366821254e-03 2.670911026000976629e-01 7.667770385742187500e-01 9.258896636962891113e-01 nan
nan nan nan nan nan nan nan nan nan nan nan nan nan nan nan nan nan nan nan nan 4.514133453369140875e-02 nan nan 0.000000000000000000e+00 2.198296308517455958e-02 5.086696243286132901e-01 nan nan
