nan nan nan 0.000000000000000000e+00 0.000000000000000000e+00 0.000000000000000000e+00 nan nan nan nan nan nan nan nan nan nan nan nan nan nan nan nan nan nan nan nan nan nan
nan nan 0.000000000000000000e+00 0.000000000000000000e+00 0.000000000000000000e+00 0.000000000000000000e+00 1.265777826309204095e-02 nan nan nan nan nan nan nan nan nan nan nan nan nan nan nan nan nan nan nan nan nan
nan nan 0.000000000000000000e+00 0.000000000000000000e+00 0.000000000000000000e+00 0.000000000000000000e+00 0.000000000000000000e+00 9.688888549804687556e-02 nan nan nan nan nan nan nan nan nan nan nan nan nan nan nan nan nan nan nan nan
nan 0.000000000000000000e+00 0.000000000000000000e+00 0.000000000000000000e+00 0.000000000000000000e+00 0.000000000000000000e+00 0.000000000000000000e+00 4.094814956188201974e-03 3.001718521118164062e-01 nan nan nan nan nan nan nan nan nan nan nan nan nan nan nan nan nan nan nan
0.000000000000000000e+00 0.000000000000000000e+00 0.000000000000000000e+00 0.000000000000000000e+00 0.000000000000000000e+00 0.000000000000000000e+00 0.000000000000000000e+00 0.000000000000000000e+00 1.205014801025390686e-01 7.266933441162108931e-01 nan nan nan nan nan nan nan nan nan nan nan nan nan nan nan nan nan nan
0.000000000000000000e+00 0.000000000000000000e+00 0.000000000000000000e+00 0.000000000000000000e+00 0.000000000000000000e+00 0.000000000000000000e+00 0.000000000000000000e+00 1.129629611968994193e-03 2.028096389770507879e-01 5.974053192138671919e-01 nan nan nan nan nan nan nan nan nan nan nan nan nan nan nan nan nan nan
0.000000000000000000e+00 0.000000000000000000e+00 0.000000000000000000e+00 0.000000000000000000e+00 0.000000000000000000e+00 0.000000000000000000e+00 0.000000000000000000e+00 3.648148179054260063e-03 4.243792724609374845e-01 nan nan nan nan nan nan nan nan nan nan nan nan nan nan nan nan nan nan nan
0.000000000000000000e+00 0.000000000000000000e+00 0.000000000000000000e+00 0.000000000000000000e+00 0.000000000000000000e+00 0.000000000000000000e+00 0.000000000000000000e+00 2.452592551708221609e-03 3.838570404052734641e-01 nan nan nan nan nan nan nan nan nan nan nan nan nan nan nan nan nan nan nan
nan 0.000000000000000000e+00 0.000000000000000000e+00 0.000000000000000000e+00 0.000000000000000000e+00 0.000000000000000000e+00 0.000000000000000000e+00 1.986740708351135420e-02 4.078792572021484597e-01 9.107571411132812100e-01 nan nan nan nan nan nan nan nan nan nan nan nan nan nan nan nan nan nan
nan 0.000000000000000000e+00 0.000000000000000000e+00 0.000000000000000000e+00 0.000000000000000000e+00 0.000000000000000000e+00 0.000000000000000000e+00 3.377777636051178083e-03 2.150503730773925815e-01 8.061303710937499645e-01 nan nan nan nan nan nan nan nan nan nan nan nan nan nan nan nan nan nan
nan 0.000000000000000000e+00 0.000000000000000000e+00 0.000000000000000000e+00 0.000000000000000000e+00 0.000000000000000000e+00 0.000000000000000000e+00 0.000000000000000000e+00 9.512963294982909601e-02 6.983718872070312500e-01 nan nan nan nan nan nan nan nan nan nan nan nan nan nan nan nan nan nan
nan nan 0.000000000000000000e+00 0.000000000000000000e+00 0.000000000000000000e+00 0.000000000000000000e+00 0.000000000000000000e+00 3.176296353340149134e-03 1.847985267639160045e-01 7.975451660156249734e-01 nan nan nan nan nan nan nan nan nan nan nan nan nan nan nan nan nan nan
nan nan 0.000000000000000000e+00 0.000000000000000000e+00 3.643333315849304078e-03 1.994133353233337388e-02 0.000000000000000000e+00 1.042962968349456752e-03 1.738370323181152310e-01 7.456649780273437722e-01 nan nan nan nan nan nan nan nan nan nan nan nan nan nan nan nan nan nan
nan nan nan nan nan nan 0.000000000000000000e+00 0.000000000000000000e+00 6.649629592895507646e-02 6.731349945068358931e-01 nan nan nan nan nan nan nan nan nan nan nan nan nan nan nan nan nan nan
nan nan nan nan nan 9.291852116584778040e-03 0.000000000000000000e+00 0.000000000000000000e+00 3.784074068069458174e-02 5.919318389892578303e-01 9.396733093261718794e-01 nan nan nan nan nan nan nan nan nan nan nan nan nan nan nan nan nan
nan nan nan nan nan 0.000000000000000000e+00 0.000000000000000000e+00 0.000000000000000000e+00 0.000000000000000000e+00 2.767637062072754173e-01 8.455514526367187145e-01 nan nan nan nan nan nan nan nan nan nan nan nan nan nan nan nan nan
nan nan nan nan nan 0.000000000000000000e+00 0.000000000000000000e+00 0.000000000000000000e+00 0.000000000000000000e+00 2.867629528045654436e-02 4.824459075927734486e-01 8.196723937988281694e-01 8.877093505859374734e-01 8.936893463134765181e-01 nan 9.627433013916015803e-01 nan nan nan nan nan nan nan nan nan nan nan nan
nan nan nan nan 0.000000000000000000e+00 0.000000000000000000e+00 0.000000000000000000e+00 0.000000000000000000e+00 0.000000000000000000e+00 0.000000000000000000e+00 7.775333404541015514e-02 3.425526046752929710e-01 5.990844345092773970e-01 7.976555633544921697e-01 9.068516540527343794e-01 nan nan nan nan nan nan nan nan nan nan nan nan nan
nan nan nan nan nan 0.000000000000000000e+00 0.000000000000000000e+00 0.000000000000000000e+00 0.000000000000000000e+00 0.000000000000000000e+00 0.000000000000000000e+00 7.071111202239990096e-03 4.577629566192627231e-02 2.479014778137207109e-01 6.876563262939453525e-01 9.079455566406250400e-01 nan nan nan nan nan nan nan nan nan nan nan nan
nan nan nan nan nan nan 0.000000000000000000e+00 0.000000000000000000e+00 0.000000000000000000e+00 0.000000000000000000e+00 0.000000000000000000e+00 0.000000000000000000e+00 0.000000000000000000e+00 1.006963014602661050e-02 1.780096244812011674e-01 6.406237030029297008e-01 8.654266357421874778e-01 9.390266418457031694e-01 9.191506958007812367e-01 nan nan nan nan nan nan nan nan nan
nan nan nan nan nan nan nan 0.000000000000000000e+00 0.000000000000000000e+00 0.000000000000000000e+00 0.000000000000000000e+00 0.000000000000000000e+00 0.000000000000000000e+00 0.000000000000000000e+00 2.421481460332870414e-03 9.082740783691406472e-02 5.377814865112304776e-01 9.062533569335937678e-01 9.326296234130859730e-01 9.340666961669922275e-01 9.260910797119140669e-01 9.079516601562499512e-01 nan nan nan nan nan nan
nan nan nan nan nan nan nan 0.000000000000000000e+00 0.000000000000000000e+00 0.000000000000000000e+00 0.000000000000000000e+00 0.000000000000000000e+00 0.000000000000000000e+00 0.000000000000000000e+00 0.000000000000000000e+00 2.428148090839386125e-03 1.688674163818359442e-01 6.704585266113280984e-01 9.491703796386719016e-01 9.584829711914062411e-01 9.508170318603516025e-01 9.178221893310546387e-01 8.603500366210937722e-01 8.297000122070312678e-01 nan nan nan nan
nan nan nan nan nan nan nan nan 0.000000000000000000e+00 0.000000000000000000e+00 0.000000000000000000e+00 0.000000000000000000e+00 0.000000000000000000e+00 0.000000000000000000e+00 0.000000000000000000e+00 0.000000000000000000e+00 1.525037050247192438e-02 2.755548095703124756e-01 7.984651947021483842e-01 9.508437347412109775e-01 9.562036895751953036e-01 9.268711090087891069e-01 8.676170349121093972e-01 8.262647247314452992e-01 nan 9.324494934082031561e-01 8.364499664306640492e-01 nan
nan nan nan nan nan nan nan nan nan 0.000000000000000000e+00 0.000000000000000000e+00 0.000000000000000000e+00 0.000000000000000000e+00 0.000000000000000000e+00 0.000000000000000000e+00 0.000000000000000000e+00 0.000000000000000000e+00 1.876296281814575362e-02 2.905377769470214866e-01 7.662184906005858887e-01 9.362385559082031516e-01 9.459659576416015181e-01 9.265162658691405984e-01 8.727229309082030762e-01 7.345742797851562145e-01 7.646900177001952903e-01 8.173689270019530717e-01 nan
nan nan nan nan nan nan nan nan nan nan 0.000000000000000000e+00 0.000000000000000000e+00 0.000000000000000000e+00 0.000000000000000000e+00 0.000000000000000000e+00 0.000000000000000000e+00 0.000000000000000000e+00 0.000000000000000000e+00 8.571851849555969100e-03 1.120674037933349632e-01 6.033103561401367276e-01 8.729962921142577770e-01 9.072000122070312811e-01 8.842874145507813033e-01 8.164762878417968217e-01 8.494496154785156072e-01 9.070326232910156383e-01 nan
nan nan nan nan nan nan nan nan nan nan nan nan 0.000000000000000000e+00 0.000000000000000000e+00 0.000000000000000000e+00 0.000000000000000000e+00 0.000000000000000000e+00 0.000000000000000000e+00 0.000000000000000000e+00 0.000000000000000000e+00 9.239926338195800226e-02 4.146933364868163885e-01 7.211866760253906605e-01 9.084400177001953347e-01 9.119599914550781117e-01 9.282762908935546786e-01 9.493118286132812278e-01 nan
nan nan nan nan nan nan nan nan nan nan nan nan nan 0.000000000000000000e+00 0.000000000000000000e+00 0.000000000000000000e+00 0.000000000000000000e+00 0.000000000000000000e+00 0.000000000000000000e+00 0.000000000000000000e+00 0.000000000000000000e+00 2.798222303390502860e-02 1.251651859283447188e-01 4.268318557739257946e-01 8.162666320800781028e-01 9.462747955322265980e-01 9.632926177978515803e-01 nan
nan nan nan nan nan nan nan nan nan nan nan nan nan nan nan 0.000000000000000000e+00 0.000000000000000000e+00 0.000000000000000000e+00 0.000000000000000000e+00 0.000000000000000000e+00 0.000000000000000000e+00 0.000000000000000000e+00 0.000000000000000000e+00 1.586296319961547768e-02 4.034540557861328036e-01 7.624977874755859419e-01 9.346926116943359286e-01 nan
nan nan nan nan nan nan nan nan nan nan nan nan nan nan nan nan nan 0.000000000000000000e+00 0.000000000000000000e+00 0.000000000000000000e+00 0.000000000000000000e+00 1.375416636466979953e-02 0.000000000000000000e+00 0.000000000000000000e+00 3.226592540740966936e-02 2.934355545043945135e-01 7.257221984863281294e-01 nan
nan nan nan nan nan nan nan nan nan nan nan nan nan nan nan nan nan nan nan nan 5.767866611480712558e-02 nan nan 0.000000000000000000e+00 0.000000000000000000e+00 1.024037075042724676e-01 nan nan
