nan nan nan 0.000000000000000000e+00 0.000000000000000000e+00 7.333333045244217049e-04 nan nan nan nan nan nan nan nan nan nan nan nan nan nan nan nan nan nan nan nan nan nan
nan nan 0.000000000000000000e+00 0.000000000000000000e+00 0.000000000000000000e+00 0.000000000000000000e+00 7.760000228881835764e-03 nan nan nan nan nan nan nan nan nan nan nan nan nan nan nan nan nan nan nan nan nan
nan nan 0.000000000000000000e+00 0.000000000000000000e+00 0.000000000000000000e+00 0.000000000000000000e+00 0.000000000000000000e+00 9.707629203796386275e-02 nan nan nan nan nan nan nan nan nan nan nan nan nan nan nan nan nan nan nan nan
nan 0.000000000000000000e+00 0.000000000000000000e+00 0.000000000000000000e+00 0.000000000000000000e+00 0.000000000000000000e+00 0.000000000000000000e+00 1.842962980270385770e-02 2.762585258483886697e-01 nan nan nan nan nan nan nan nan nan nan nan nan nan nan nan nan nan nan nan
0.000000000000000000e+00 0.000000000000000000e+00 0.000000000000000000e+00 0.000000000000000000e+00 0.000000000000000000e+00 0.000000000000000000e+00 0.000000000000000000e+00 0.000000000000000000e+00 1.123540782928466736e-01 6.016518402099609863e-01 nan nan nan nan nan nan nan nan nan nan nan nan nan nan nan nan nan nan
0.000000000000000000e+00 0.000000000000000000e+00 0.000000000000000000e+00 0.000000000000000000e+00 0.000000000000000000e+00 0.000000000000000000e+00 0.000000000000000000e+00 8.889629840850829523e-03 2.911992645263671853e-01 6.787066650390625178e-01 nan nan nan nan nan nan nan nan nan nan nan nan nan nan nan nan nan nan
0.000000000000000000e+00 0.000000000000000000e+00 0.000000000000000000e+00 0.000000000000000000e+00 0.000000000000000000e+00 0.000000000000000000e+00 0.000000000000000000e+00 3.810889005661010492e-02 5.797185134887695712e-01 nan nan nan nan nan nan nan nan nan nan nan nan nan nan nan nan nan nan nan
0.000000000000000000e+00 0.000000000000000000e+00 0.000000000000000000e+00 0.000000000000000000e+00 0.000000000000000000e+00 0.000000000000000000e+00 0.000000000000000000e+00 5.388666629791259710e-02 6.357036972045898571e-01 nan nan nan nan nan nan nan nan nan nan nan nan nan nan nan nan nan nan nan
nan 0.000000000000000000e+00 0.000000000000000000e+00 0.000000000000000000e+00 0.000000000000000000e+00 0.000000000000000000e+00 0.000000000000000000e+00 7.058296203613281805e-02 6.231399917602539196e-01 9.377333068847656383e-01 nan nan nan nan nan nan nan nan nan nan nan nan nan nan nan nan nan nan
nan 0.000000000000000000e+00 0.000000000000000000e+00 0.000000000000000000e+00 0.000000000000000000e+00 0.000000000000000000e+00 0.000000000000000000e+00 2.864592552185058622e-02 3.618555450439452925e-01 8.882777404785155984e-01 nan nan nan nan nan nan nan nan nan nan nan nan nan nan nan nan nan nan
nan 0.000000000000000000e+00 0.000000000000000000e+00 0.000000000000000000e+00 0.000000000000000000e+00 0.000000000000000000e+00 0.000000000000000000e+00 8.859258890151978016e-04 1.411185169219970614e-01 7.530622100830077770e-01 nan nan nan nan nan nan nan nan nan nan nan nan nan nan nan nan nan nan
nan nan 0.000000000000000000e+00 0.000000000000000000e+00 0.000000000000000000e+00 0.000000000000000000e+00 0.000000000000000000e+00 3.300740718841552613e-03 3.362414932250976651e-01 8.989333343505859775e-01 nan nan nan nan nan nan nan nan nan nan nan nan nan nan nan nan nan nan
nan nan 0.000000000000000000e+00 0.000000000000000000e+00 3.922222256660461495e-03 2.572666645050048981e-02 0.000000000000000000e+00 1.421851873397827169e-02 4.121296310424804599e-01 9.050983428955078347e-01 nan nan nan nan nan nan nan nan nan nan nan nan nan nan nan nan nan nan
nan nan nan nan nan nan 0.000000000000000000e+00 9.029629826545715289e-04 1.729859352111816351e-01 8.005908203124999512e-01 nan nan nan nan nan nan nan nan nan nan nan nan nan nan nan nan nan nan
nan nan nan nan nan 5.005185008049011647e-03 0.000000000000000000e+00 0.000000000000000000e+00 6.238074302673339566e-02 6.681851959228515270e-01 8.998966979980468350e-01 nan nan nan nan nan nan nan nan nan nan nan nan nan nan nan nan nan
nan nan nan nan nan 0.000000000000000000e+00 0.000000000000000000e+00 0.000000000000000000e+00 1.707777738571166978e-02 4.173792648315429732e-01 7.885371398925781206e-01 nan nan nan nan nan nan nan nan nan nan nan nan nan nan nan nan nan
nan nan nan nan nan 0.000000000000000000e+00 0.000000000000000000e+00 0.000000000000000000e+00 0.000000000000000000e+00 6.323555469512939786e-02 4.609489059448242387e-01 7.515047454833984064e-01 8.891133117675781294e-01 9.254373168945312367e-01 nan 9.411100006103515492e-01 nan nan nan nan nan nan nan nan nan nan nan nan
nan nan nan nan 0.000000000000000000e+00 0.000000000000000000e+00 0.000000000000000000e+00 0.000000000000000000e+00 0.000000000000000000e+00 2.506666779518127407e-03 5.910148143768310242e-02 2.575807380676269354e-01 6.748718261718750222e-01 8.920748138427734286e-01 9.104658508300781383e-01 nan nan nan nan nan nan nan nan nan nan nan nan nan
nan nan nan nan nan 0.000000000000000000e+00 0.000000000000000000e+00 0.000000000000000000e+00 0.000000000000000000e+00 0.000000000000000000e+00 0.000000000000000000e+00 6.508888602256774833e-03 2.169007492065429810e-01 7.032437133789062322e-01 8.975273895263672363e-01 9.037933349609375000e-01 nan nan nan nan nan nan nan nan nan nan nan nan
nan nan nan nan nan nan 0.000000000000000000e+00 0.000000000000000000e+00 0.000000000000000000e+00 0.000000000000000000e+00 0.000000000000000000e+00 0.000000000000000000e+00 7.925926148891448671e-04 2.297970390319824252e-01 6.497296142578125044e-01 8.803866577148437012e-01 8.858311462402344016e-01 9.311733245849609375e-01 9.555893707275390225e-01 nan nan nan nan nan nan nan nan nan
nan nan nan nan nan nan nan 0.000000000000000000e+00 0.000000000000000000e+00 0.000000000000000000e+00 0.000000000000000000e+00 0.000000000000000000e+00 0.000000000000000000e+00 4.909629523754119491e-03 1.809807395935058572e-01 5.969437026977538752e-01 9.266200256347656428e-01 9.665029907226562189e-01 9.666362762451171653e-01 9.521733093261718350e-01 9.487699890136718217e-01 9.335066986083984109e-01 nan nan nan nan nan nan
nan nan nan nan nan nan nan 0.000000000000000000e+00 0.000000000000000000e+00 0.000000000000000000e+00 0.000000000000000000e+00 0.000000000000000000e+00 0.000000000000000000e+00 0.000000000000000000e+00 1.665185242891311680e-03 1.476296329498291149e-01 6.654340362548828436e-01 9.493044281005859064e-01 9.745044708251953125e-01 9.775044250488281738e-01 9.729281616210937456e-01 9.550251770019531072e-01 9.318199920654296475e-01 8.610933685302734064e-01 nan nan nan nan
nan nan nan nan nan nan nan nan 0.000000000000000000e+00 0.000000000000000000e+00 0.000000000000000000e+00 0.000000000000000000e+00 0.000000000000000000e+00 0.000000000000000000e+00 0.000000000000000000e+00 4.322963058948517054e-03 2.753599929809570357e-01 7.609148406982422230e-01 9.341763305664062544e-01 9.668347930908203214e-01 9.704985046386718217e-01 9.788548278808594238e-01 9.634503936767577770e-01 8.787247467041016113e-01 nan 9.720619201660156694e-01 9.481958007812499867e-01 nan
nan nan nan nan nan nan nan nan nan 0.000000000000000000e+00 0.000000000000000000e+00 0.000000000000000000e+00 0.000000000000000000e+00 0.000000000000000000e+00 0.000000000000000000e+00 0.000000000000000000e+00 1.294296264648437528e-02 2.711844444274902344e-01 7.668688964843749512e-01 9.423555755615233842e-01 9.476437377929687322e-01 9.593629455566405895e-01 9.638622283935547319e-01 8.986755371093749778e-01 7.696324157714843350e-01 9.346866607666015625e-01 9.730207061767578436e-01 nan
nan nan nan nan nan nan nan nan nan nan 0.000000000000000000e+00 0.000000000000000000e+00 0.000000000000000000e+00 0.000000000000000000e+00 0.000000000000000000e+00 0.000000000000000000e+00 0.000000000000000000e+00 1.476740717887878480e-02 2.454096221923828258e-01 5.894414901733397993e-01 8.423585510253905895e-01 8.972911071777344150e-01 9.161792755126952903e-01 9.294644165039062100e-01 9.379340362548828081e-01 9.684140777587890714e-01 9.787689208984374778e-01 nan
nan nan nan nan nan nan nan nan nan nan nan nan 0.000000000000000000e+00 0.000000000000000000e+00 0.000000000000000000e+00 0.000000000000000000e+00 0.000000000000000000e+00 0.000000000000000000e+00 5.898518562316894601e-03 4.027037143707275224e-02 2.551903724670410156e-01 5.831311035156250266e-01 7.423303985595702814e-01 8.883999633789062544e-01 9.414511108398437855e-01 9.711962890624999956e-01 9.751081848144531605e-01 nan
nan nan nan nan nan nan nan nan nan nan nan nan nan 0.000000000000000000e+00 0.000000000000000000e+00 0.000000000000000000e+00 0.000000000000000000e+00 0.000000000000000000e+00 0.000000000000000000e+00 0.000000000000000000e+00 0.000000000000000000e+00 4.970444679260253851e-02 1.714222145080566417e-01 4.452703857421875244e-01 7.780392456054687766e-01 9.533399963378905717e-01 9.746385192871094283e-01 nan
nan nan nan nan nan nan nan nan nan nan nan nan nan nan nan 0.000000000000000000e+00 0.000000000000000000e+00 0.000000000000000000e+00 0.000000000000000000e+00 0.000000000000000000e+00 0.000000000000000000e+00 0.000000000000000000e+00 0.000000000000000000e+00 3.156814813613891685e-02 3.424266815185547097e-01 7.648867034912109064e-01 9.472933197021484730e-01 nan
nan nan nan nan nan nan nan nan nan nan nan nan nan nan nan nan nan 0.000000000000000000e+00 0.000000000000000000e+00 0.000000000000000000e+00 0.000000000000000000e+00 1.333583354949951193e-02 0.000000000000000000e+00 9.103703498840331771e-04 2.119037151336669936e-02 3.358259201049804688e-01 8.681533050537109109e-01 nan
nan nan nan nan nan nan nan nan nan nan nan nan nan nan nan nan nan nan nan nan 6.129199981689453097e-02 nan nan 0.000000000000000000e+00 0.000000000000000000e+00 1.485703659057617254e-01 nan nan
