nan nan nan 0.000000000000000000e+00 0.000000000000000000e+00 0.000000000000000000e+00 nan nan nan nan nan nan nan nan nan nan nan nan nan nan nan nan nan nan nan nan nan nan
nan nan 0.000000000000000000e+00 0.000000000000000000e+00 0.000000000000000000e+00 0.000000000000000000e+00 0.000000000000000000e+00 nan nan nan nan nan nan nan nan nan nan nan nan nan nan nan nan nan nan nan nan nan
nan nan 0.000000000000000000e+00 0.000000000000000000e+00 0.000000000000000000e+00 0.000000000000000000e+00 0.000000000000000000e+00 6.588888764381409073e-03 nan nan nan nan nan nan nan nan nan nan nan nan nan nan nan nan nan nan nan nan
nan 0.000000000000000000e+00 0.000000000000000000e+00 0.000000000000000000e+00 0.000000000000000000e+00 0.000000000000000000e+00 0.000000000000000000e+00 0.000000000000000000e+00 8.758148193359374667e-02 nan nan nan nan nan nan nan nan nan nan nan nan nan nan nan nan nan nan nan
0.000000000000000000e+00 0.000000000000000000e+00 0.000000000000000000e+00 0.000000000000000000e+00 0.000000000000000000e+00 0.000000000000000000e+00 0.000000000000000000e+00 0.000000000000000000e+00 7.153110980987548162e-02 5.402844619750976074e-01 nan nan nan nan nan nan nan nan nan nan nan nan nan nan nan nan nan nan
0.000000000000000000e+00 0.000000000000000000e+00 0.000000000000000000e+00 0.000000000000000000e+00 0.000000000000000000e+00 0.000000000000000000e+00 0.000000000000000000e+00 0.000000000000000000e+00 1.666073989868163963e-01 6.099466705322265092e-01 nan nan nan nan nan nan nan nan nan nan nan nan nan nan nan nan nan nan
0.000000000000000000e+00 0.000000000000000000e+00 0.000000000000000000e+00 0.000000000000000000e+00 0.000000000000000000e+00 0.000000000000000000e+00 0.000000000000000000e+00 2.925185263156890661e-03 3.434770202636718839e-01 nan nan nan nan nan nan nan nan nan nan nan nan nan nan nan nan nan nan nan
0.000000000000000000e+00 0.000000000000000000e+00 0.000000000000000000e+00 0.000000000000000000e+00 0.000000000000000000e+00 0.000000000000000000e+00 0.000000000000000000e+00 2.246222257614135728e-02 4.898110961914062256e-01 nan nan nan nan nan nan nan nan nan nan nan nan nan nan nan nan nan nan nan
nan 0.000000000000000000e+00 0.000000000000000000e+00 0.000000000000000000e+00 0.000000000000000000e+00 0.000000000000000000e+00 0.000000000000000000e+00 7.172888755798340066e-02 6.471814727783202770e-01 9.420075988769531783e-01 nan nan nan nan nan nan nan nan nan nan nan nan nan nan nan nan nan nan
nan 0.000000000000000000e+00 0.000000000000000000e+00 0.000000000000000000e+00 0.000000000000000000e+00 0.000000000000000000e+00 0.000000000000000000e+00 2.596666574478149331e-02 4.910696411132812744e-01 9.106970214843750355e-01 nan nan nan nan nan nan nan nan nan nan nan nan nan nan nan nan nan nan
nan 0.000000000000000000e+00 0.000000000000000000e+00 0.000000000000000000e+00 0.000000000000000000e+00 0.000000000000000000e+00 0.000000000000000000e+00 1.128518462181091371e-02 4.254874038696289107e-01 8.897615051269531783e-01 nan nan nan nan nan nan nan nan nan nan nan nan nan nan nan nan nan nan
nan nan 0.000000000000000000e+00 0.000000000000000000e+00 0.000000000000000000e+00 0.000000000000000000e+00 0.000000000000000000e+00 3.302444458007812444e-02 5.368836975097656117e-01 9.545288848876952725e-01 nan nan nan nan nan nan nan nan nan nan nan nan nan nan nan nan nan nan
nan nan 0.000000000000000000e+00 0.000000000000000000e+00 0.000000000000000000e+00 2.660133361816406292e-02 0.000000000000000000e+00 8.690370321273803780e-03 4.248748016357422053e-01 9.259216308593749556e-01 nan nan nan nan nan nan nan nan nan nan nan nan nan nan nan nan nan nan
nan nan nan nan nan nan 0.000000000000000000e+00 0.000000000000000000e+00 1.373377799987793024e-01 8.190716552734375044e-01 nan nan nan nan nan nan nan nan nan nan nan nan nan nan nan nan nan nan
nan nan nan nan nan 5.152592658996582239e-03 0.000000000000000000e+00 0.000000000000000000e+00 3.825629711151123241e-02 6.684844207763671609e-01 9.479833221435547408e-01 nan nan nan nan nan nan nan nan nan nan nan nan nan nan nan nan nan
nan nan nan nan nan 0.000000000000000000e+00 0.000000000000000000e+00 0.000000000000000000e+00 0.000000000000000000e+00 3.743925857543945468e-01 8.651895141601562145e-01 nan nan nan nan nan nan nan nan nan nan nan nan nan nan nan nan nan
nan nan nan nan nan 0.000000000000000000e+00 0.000000000000000000e+00 0.000000000000000000e+00 0.000000000000000000e+00 4.730222225189208846e-02 5.553829574584960849e-01 8.341190338134765181e-01 9.350866699218749467e-01 9.393906402587890447e-01 nan 9.217800140380859597e-01 nan nan nan nan nan nan nan nan nan nan nan nan
nan nan nan nan 0.000000000000000000e+00 0.000000000000000000e+00 0.000000000000000000e+00 0.000000000000000000e+00 0.000000000000000000e+00 0.000000000000000000e+00 3.499925851821899386e-02 2.891577720642090066e-01 7.126637268066405850e-01 9.506444549560546520e-01 9.387641906738281028e-01 nan nan nan nan nan nan nan nan nan nan nan nan nan
nan nan nan nan nan 0.000000000000000000e+00 0.000000000000000000e+00 0.000000000000000000e+00 0.000000000000000000e+00 0.000000000000000000e+00 0.000000000000000000e+00 1.854814887046814026e-03 1.782259178161621216e-01 6.895874023437500444e-01 8.859992218017578303e-01 8.677133178710937367e-01 nan nan nan nan nan nan nan nan nan nan nan nan
nan nan nan nan nan nan 0.000000000000000000e+00 0.000000000000000000e+00 0.000000000000000000e+00 0.000000000000000000e+00 0.000000000000000000e+00 0.000000000000000000e+00 0.000000000000000000e+00 1.574614810943603394e-01 5.854318618774414507e-01 8.689940643310546387e-01 8.565344238281249467e-01 9.023622131347656117e-01 9.273880004882812944e-01 nan nan nan nan nan nan nan nan nan
nan nan nan nan nan nan nan 0.000000000000000000e+00 0.000000000000000000e+00 0.000000000000000000e+00 0.000000000000000000e+00 0.000000000000000000e+00 0.000000000000000000e+00 0.000000000000000000e+00 1.292592620849609408e-01 6.042155456542969150e-01 9.179555511474609686e-01 9.388452148437500533e-01 9.544214630126952592e-01 9.623149871826172097e-01 9.422222137451171653e-01 9.316883087158203125e-01 nan nan nan nan nan nan
nan nan nan nan nan nan nan 0.000000000000000000e+00 0.000000000000000000e+00 0.000000000000000000e+00 0.000000000000000000e+00 0.000000000000000000e+00 0.000000000000000000e+00 0.000000000000000000e+00 0.000000000000000000e+00 1.249725914001464794e-01 6.436837005615234641e-01 9.306466674804687589e-01 9.702384948730469194e-01 9.869570159912108842e-01 9.809222412109375178e-01 9.397881317138672141e-01 9.214958190917968972e-01 8.394200134277344238e-01 nan nan nan nan
nan nan nan nan nan nan nan nan 0.000000000000000000e+00 0.000000000000000000e+00 0.000000000000000000e+00 0.000000000000000000e+00 0.000000000000000000e+00 0.000000000000000000e+00 0.000000000000000000e+00 0.000000000000000000e+00 1.804362869262695346e-01 6.718940734863281250e-01 9.077548217773437900e-01 9.643926239013671520e-01 9.758303833007812012e-01 9.681029510498047053e-01 9.719903564453125089e-01 8.780304718017578613e-01 nan 9.762333679199218794e-01 9.474333190917968439e-01 nan
nan nan nan nan nan nan nan nan nan 0.000000000000000000e+00 0.000000000000000000e+00 0.000000000000000000e+00 0.000000000000000000e+00 0.000000000000000000e+00 0.000000000000000000e+00 0.000000000000000000e+00 0.000000000000000000e+00 1.409970378875732289e-01 5.322392654418944824e-01 7.923236846923827903e-01 9.271570587158203258e-01 9.698518371582031117e-01 9.745378112792968395e-01 8.949073791503906472e-01 7.723885345458983975e-01 9.297316741943358887e-01 9.579621887207031561e-01 nan
nan nan nan nan nan nan nan nan nan nan 0.000000000000000000e+00 0.000000000000000000e+00 0.000000000000000000e+00 0.000000000000000000e+00 0.000000000000000000e+00 0.000000000000000000e+00 0.000000000000000000e+00 7.800000160932541024e-04 8.862073898315429854e-02 2.571481513977050826e-01 6.139829635620117632e-01 8.228748321533203569e-01 9.213236999511719150e-01 9.347088623046875266e-01 9.398451995849609331e-01 9.576970672607422186e-01 9.694459533691406339e-01 nan
nan nan nan nan nan nan nan nan nan nan nan nan 0.000000000000000000e+00 0.000000000000000000e+00 0.000000000000000000e+00 0.000000000000000000e+00 0.000000000000000000e+00 0.000000000000000000e+00 0.000000000000000000e+00 1.229703664779663135e-02 1.241725921630859319e-01 3.082799911499023438e-01 5.913859176635741788e-01 9.175347900390624645e-01 9.501585388183593217e-01 9.578385162353515447e-01 9.648815155029296653e-01 nan
nan nan nan nan nan nan nan nan nan nan nan nan nan 0.000000000000000000e+00 0.000000000000000000e+00 0.000000000000000000e+00 0.000000000000000000e+00 0.000000000000000000e+00 0.000000000000000000e+00 0.000000000000000000e+00 0.000000000000000000e+00 1.501703739166259689e-02 1.113748168945312561e-01 4.172755432128906206e-01 8.653163146972656650e-01 9.751799774169921387e-01 9.797711181640624822e-01 nan
nan nan nan nan nan nan nan nan nan nan nan nan nan nan nan 0.000000000000000000e+00 0.000000000000000000e+00 0.000000000000000000e+00 0.000000000000000000e+00 0.000000000000000000e+00 0.000000000000000000e+00 0.000000000000000000e+00 0.000000000000000000e+00 3.000444412231445188e-02 3.860681533813476451e-01 7.433096313476562633e-01 9.629851531982421831e-01 nan
nan nan nan nan nan nan nan nan nan nan nan nan nan nan nan nan nan 0.000000000000000000e+00 0.000000000000000000e+00 0.000000000000000000e+00 0.000000000000000000e+00 1.328666687011718743e-02 0.000000000000000000e+00 0.000000000000000000e+00 9.557036757469177315e-03 2.222392654418945401e-01 8.319689178466797008e-01 nan
nan nan nan nan nan nan nan nan nan nan nan nan nan nan nan nan nan nan nan nan 5.415200233459472462e-02 nan nan 0.000000000000000000e+00 0.000000000000000000e+00 1.133340740203857416e-01 nan nan
