nan nan nan 0.000000000000000000e+00 0.000000000000000000e+00 2.461481541395187534e-03 nan nan nan nan nan nan nan nan nan nan nan nan nan nan nan nan nan nan nan nan nan nan
nan nan 0.000000000000000000e+00 0.000000000000000000e+00 0.000000000000000000e+00 0.000000000000000000e+00 1.113777756690978969e-02 nan nan nan nan nan nan nan nan nan nan nan nan nan nan nan nan nan nan nan nan nan
nan nan 0.000000000000000000e+00 0.000000000000000000e+00 0.000000000000000000e+00 0.000000000000000000e+00 0.000000000000000000e+00 1.406911087036132879e-01 nan nan nan nan nan nan nan nan nan nan nan nan nan nan nan nan nan nan nan nan
nan 0.000000000000000000e+00 0.000000000000000000e+00 0.000000000000000000e+00 0.000000000000000000e+00 0.000000000000000000e+00 0.000000000000000000e+00 3.896518468856811218e-02 4.153570556640625022e-01 nan nan nan nan nan nan nan nan nan nan nan nan nan nan nan nan nan nan nan
0.000000000000000000e+00 0.000000000000000000e+00 0.000000000000000000e+00 0.000000000000000000e+00 0.000000000000000000e+00 0.000000000000000000e+00 0.000000000000000000e+00 0.000000000000000000e+00 1.819644355773925859e-01 6.170177841186523793e-01 nan nan nan nan nan nan nan nan nan nan nan nan nan nan nan nan nan nan
0.000000000000000000e+00 0.000000000000000000e+00 0.000000000000000000e+00 0.000000000000000000e+00 0.000000000000000000e+00 0.000000000000000000e+00 0.000000000000000000e+00 2.055555582046508789e-02 3.397111129760742032e-01 6.510906982421874600e-01 nan nan nan nan nan nan nan nan nan nan nan nan nan nan nan nan nan nan
0.000000000000000000e+00 0.000000000000000000e+00 0.000000000000000000e+00 0.000000000000000000e+00 0.000000000000000000e+00 0.000000000000000000e+00 0.000000000000000000e+00 6.181703567504882868e-02 6.136140823364257812e-01 nan nan nan nan nan nan nan nan nan nan nan nan nan nan nan nan nan nan nan
0.000000000000000000e+00 0.000000000000000000e+00 0.000000000000000000e+00 0.000000000000000000e+00 0.000000000000000000e+00 0.000000000000000000e+00 0.000000000000000000e+00 1.004355525970458962e-01 7.157459259033203125e-01 nan nan nan nan nan nan nan nan nan nan nan nan nan nan nan nan nan nan nan
nan 0.000000000000000000e+00 0.000000000000000000e+00 0.000000000000000000e+00 0.000000000000000000e+00 0.000000000000000000e+00 0.000000000000000000e+00 1.826407432556152455e-01 7.674244689941406294e-01 9.191075897216797186e-01 nan nan nan nan nan nan nan nan nan nan nan nan nan nan nan nan nan nan
nan 0.000000000000000000e+00 0.000000000000000000e+00 0.000000000000000000e+00 0.000000000000000000e+00 0.000000000000000000e+00 0.000000000000000000e+00 5.448666572570801114e-02 5.146185302734375133e-01 9.210111236572265936e-01 nan nan nan nan nan nan nan nan nan nan nan nan nan nan nan nan nan nan
nan 0.000000000000000000e+00 0.000000000000000000e+00 0.000000000000000000e+00 0.000000000000000000e+00 0.000000000000000000e+00 0.000000000000000000e+00 0.000000000000000000e+00 2.860244369506835804e-01 9.007325744628906783e-01 nan nan nan nan nan nan nan nan nan nan nan nan nan nan nan nan nan nan
nan nan 0.000000000000000000e+00 0.000000000000000000e+00 0.000000000000000000e+00 0.000000000000000000e+00 0.000000000000000000e+00 9.210370182991027554e-03 3.843866729736328258e-01 8.909925842285155717e-01 nan nan nan nan nan nan nan nan nan nan nan nan nan nan nan nan nan nan
nan nan 0.000000000000000000e+00 0.000000000000000000e+00 2.211066627502441539e-01 2.471866607666015764e-02 0.000000000000000000e+00 6.059259176254272461e-03 3.805622100830078347e-01 8.563725280761719238e-01 nan nan nan nan nan nan nan nan nan nan nan nan nan nan nan nan nan nan
nan nan nan nan nan nan 0.000000000000000000e+00 0.000000000000000000e+00 1.729496383666992154e-01 7.743458557128906072e-01 nan nan nan nan nan nan nan nan nan nan nan nan nan nan nan nan nan nan
nan nan nan nan nan 9.608888626098632466e-03 0.000000000000000000e+00 0.000000000000000000e+00 8.119481086730956365e-02 6.666659545898437900e-01 9.012133026123047008e-01 nan nan nan nan nan nan nan nan nan nan nan nan nan nan nan nan nan
nan nan nan nan nan 0.000000000000000000e+00 0.000000000000000000e+00 0.000000000000000000e+00 1.031407356262207045e-02 4.734873962402343928e-01 8.636571502685547186e-01 nan nan nan nan nan nan nan nan nan nan nan nan nan nan nan nan nan
nan nan nan nan nan 0.000000000000000000e+00 0.000000000000000000e+00 0.000000000000000000e+00 0.000000000000000000e+00 1.722488975524902322e-01 7.158414459228515936e-01 9.130419158935546564e-01 9.667479705810546609e-01 9.994173431396484730e-01 nan 9.575800323486327592e-01 nan nan nan nan nan nan nan nan nan nan nan nan
nan nan nan nan 0.000000000000000000e+00 0.000000000000000000e+00 0.000000000000000000e+00 0.000000000000000000e+00 0.000000000000000000e+00 1.215407371520996031e-02 2.252792549133300903e-01 6.243288803100586204e-01 9.018807220458984197e-01 9.615955352783203125e-01 9.775016784667969194e-01 nan nan nan nan nan nan nan nan nan nan nan nan nan
nan nan nan nan nan 0.000000000000000000e+00 0.000000000000000000e+00 0.000000000000000000e+00 0.000000000000000000e+00 0.000000000000000000e+00 0.000000000000000000e+00 1.176007366180419900e-01 5.567222213745117720e-01 9.013726043701172363e-01 9.599296569824218306e-01 9.201144409179687900e-01 nan nan nan nan nan nan nan nan nan nan nan nan
nan nan nan nan nan nan 0.000000000000000000e+00 0.000000000000000000e+00 0.000000000000000000e+00 0.000000000000000000e+00 0.000000000000000000e+00 3.944444358348846331e-03 1.589333343505859308e-01 6.411074066162109064e-01 8.860644531250000400e-01 9.309600067138671387e-01 8.938433074951172008e-01 8.915533447265624467e-01 9.531466674804687234e-01 nan nan nan nan nan nan nan nan nan
nan nan nan nan nan nan nan 0.000000000000000000e+00 0.000000000000000000e+00 0.000000000000000000e+00 0.000000000000000000e+00 0.000000000000000000e+00 2.164148092269897392e-02 2.250214767456054643e-01 6.414570617675781072e-01 8.636748504638671609e-01 9.348585510253906161e-01 9.182585144042968439e-01 9.640851593017578658e-01 9.059633636474608842e-01 9.528077697753906117e-01 9.265899658203125000e-01 nan nan nan nan nan nan
nan nan nan nan nan nan nan 0.000000000000000000e+00 0.000000000000000000e+00 0.000000000000000000e+00 0.000000000000000000e+00 0.000000000000000000e+00 7.437036931514740077e-04 3.386370420455932922e-02 2.705459213256836137e-01 6.643347930908203303e-01 8.732066345214843928e-01 9.441422271728515669e-01 9.540985107421875444e-01 9.519222259521484819e-01 9.414992523193359553e-01 9.250399780273437234e-01 9.164133453369140980e-01 8.943533325195311967e-01 nan nan nan nan
nan nan nan nan nan nan nan nan 0.000000000000000000e+00 0.000000000000000000e+00 8.777777850627898910e-04 0.000000000000000000e+00 0.000000000000000000e+00 8.177778124809265050e-04 3.703851938247680609e-02 2.637622261047363192e-01 7.265459442138672008e-01 9.185325622558593306e-01 9.489199829101562234e-01 9.644503784179687678e-01 9.681992340087890447e-01 9.566777801513671742e-01 9.538274383544922408e-01 8.679228210449219105e-01 nan 9.636371612548828569e-01 9.402549743652344194e-01 nan
nan nan nan nan nan nan nan nan nan 0.000000000000000000e+00 0.000000000000000000e+00 0.000000000000000000e+00 0.000000000000000000e+00 0.000000000000000000e+00 0.000000000000000000e+00 3.485777854919433483e-02 2.723948097229003662e-01 6.687881469726562056e-01 8.837474060058593262e-01 9.474933624267578569e-01 9.732792663574219016e-01 9.868525695800781650e-01 9.797592926025390225e-01 9.496473693847655717e-01 8.034876251220702814e-01 9.725716400146484641e-01 9.971896362304687456e-01 nan
nan nan nan nan nan nan nan nan nan nan 0.000000000000000000e+00 0.000000000000000000e+00 0.000000000000000000e+00 0.000000000000000000e+00 0.000000000000000000e+00 0.000000000000000000e+00 1.409259200096130323e-02 1.334525966644287132e-01 3.911622238159179754e-01 5.429436874389648171e-01 7.675555419921874512e-01 9.290022277832030717e-01 9.650451660156249556e-01 9.710718536376953258e-01 9.623074340820312322e-01 9.800459289550781383e-01 9.853103637695312944e-01 nan
nan nan nan nan nan nan nan nan nan nan nan nan 0.000000000000000000e+00 0.000000000000000000e+00 0.000000000000000000e+00 0.000000000000000000e+00 0.000000000000000000e+00 0.000000000000000000e+00 5.779259204864502231e-03 2.239777803421020425e-02 1.716525840759277333e-01 5.905799865722656250e-01 8.534444427490234242e-01 9.277436828613281339e-01 9.491014862060547230e-01 9.697251892089844283e-01 9.715407562255858887e-01 nan
nan nan nan nan nan nan nan nan nan nan nan nan nan 0.000000000000000000e+00 0.000000000000000000e+00 0.000000000000000000e+00 0.000000000000000000e+00 0.000000000000000000e+00 0.000000000000000000e+00 0.000000000000000000e+00 0.000000000000000000e+00 9.211555480957031583e-02 4.683059310913085804e-01 8.877236938476562589e-01 9.346429443359375311e-01 9.574510955810546786e-01 9.623637390136718928e-01 nan
nan nan nan nan nan nan nan nan nan nan nan nan nan nan nan 0.000000000000000000e+00 0.000000000000000000e+00 0.000000000000000000e+00 0.000000000000000000e+00 0.000000000000000000e+00 0.000000000000000000e+00 7.896295934915542125e-04 2.331518554687500022e-01 7.766184997558593928e-01 9.166792297363280939e-01 9.320051574707031161e-01 9.427177429199218306e-01 nan
nan nan nan nan nan nan nan nan nan nan nan nan nan nan nan nan nan 0.000000000000000000e+00 0.000000000000000000e+00 0.000000000000000000e+00 0.000000000000000000e+00 1.463833332061767641e-02 1.268241691589355458e-01 5.769370269775390137e-01 8.665503692626953525e-01 9.238385009765625044e-01 9.314007568359374822e-01 nan
nan nan nan nan nan nan nan nan nan nan nan nan nan nan nan nan nan nan nan nan 6.457866668701171819e-02 nan nan 3.145503616333008012e-01 7.567385101318359064e-01 9.273000335693359908e-01 nan nan
