nan nan nan 0.000000000000000000e+00 0.000000000000000000e+00 0.000000000000000000e+00 nan nan nan nan nan nan nan nan nan nan nan nan nan nan nan nan nan nan nan nan nan nan
nan nan 0.000000000000000000e+00 0.000000000000000000e+00 0.000000000000000000e+00 0.000000000000000000e+00 1.415555626153945949e-03 nan nan nan nan nan nan nan nan nan nan nan nan nan nan nan nan nan nan nan nan nan
nan nan 0.000000000000000000e+00 0.000000000000000000e+00 0.000000000000000000e+00 0.000000000000000000e+00 0.000000000000000000e+00 6.423851966857910267e-02 nan nan nan nan nan nan nan nan nan nan nan nan nan nan nan nan nan nan nan nan
nan 0.000000000000000000e+00 0.000000000000000000e+00 0.000000000000000000e+00 0.000000000000000000e+00 0.000000000000000000e+00 0.000000000000000000e+00 3.030370473861694353e-03 3.387622070312499845e-01 nan nan nan nan nan nan nan nan nan nan nan nan nan nan nan nan nan nan nan
0.000000000000000000e+00 0.000000000000000000e+00 0.000000000000000000e+00 0.000000000000000000e+00 0.000000000000000000e+00 0.000000000000000000e+00 0.000000000000000000e+00 0.000000000000000000e+00 1.538577747344970770e-01 7.561585235595703613e-01 nan nan nan nan nan nan nan nan nan nan nan nan nan nan nan nan nan nan
0.000000000000000000e+00 0.000000000000000000e+00 0.000000000000000000e+00 0.000000000000000000e+00 0.000000000000000000e+00 0.000000000000000000e+00 0.000000000000000000e+00 0.000000000000000000e+00 7.618962764739990734e-02 4.313066482543945201e-01 nan nan nan nan nan nan nan nan nan nan nan nan nan nan nan nan nan nan
0.000000000000000000e+00 0.000000000000000000e+00 0.000000000000000000e+00 0.000000000000000000e+00 0.000000000000000000e+00 0.000000000000000000e+00 0.000000000000000000e+00 0.000000000000000000e+00 1.676866722106933605e-01 nan nan nan nan nan nan nan nan nan nan nan nan nan nan nan nan nan nan nan
0.000000000000000000e+00 0.000000000000000000e+00 0.000000000000000000e+00 0.000000000000000000e+00 0.000000000000000000e+00 0.000000000000000000e+00 0.000000000000000000e+00 0.000000000000000000e+00 8.789703369140625111e-02 nan nan nan nan nan nan nan nan nan nan nan nan nan nan nan nan nan nan nan
nan 0.000000000000000000e+00 0.000000000000000000e+00 0.000000000000000000e+00 0.000000000000000000e+00 0.000000000000000000e+00 0.000000000000000000e+00 0.000000000000000000e+00 3.138370275497436718e-02 4.027628707885742010e-01 nan nan nan nan nan nan nan nan nan nan nan nan nan nan nan nan nan nan
nan 0.000000000000000000e+00 0.000000000000000000e+00 0.000000000000000000e+00 0.000000000000000000e+00 0.000000000000000000e+00 0.000000000000000000e+00 0.000000000000000000e+00 7.466666400432586236e-04 4.665392684936523482e-01 nan nan nan nan nan nan nan nan nan nan nan nan nan nan nan nan nan nan
nan 0.000000000000000000e+00 0.000000000000000000e+00 0.000000000000000000e+00 0.000000000000000000e+00 0.000000000000000000e+00 0.000000000000000000e+00 0.000000000000000000e+00 9.157778024673461290e-03 4.427851867675781095e-01 nan nan nan nan nan nan nan nan nan nan nan nan nan nan nan nan nan nan
nan nan 0.000000000000000000e+00 0.000000000000000000e+00 0.000000000000000000e+00 0.000000000000000000e+00 0.000000000000000000e+00 1.762222200632095276e-03 1.298007392883300803e-01 6.930614471435546653e-01 nan nan nan nan nan nan nan nan nan nan nan nan nan nan nan nan nan nan
nan nan 0.000000000000000000e+00 0.000000000000000000e+00 2.275988960266113192e-01 2.109866619110107450e-02 0.000000000000000000e+00 8.718518167734146205e-04 1.714244461059570290e-01 7.254383087158202681e-01 nan nan nan nan nan nan nan nan nan nan nan nan nan nan nan nan nan nan
nan nan nan nan nan nan 0.000000000000000000e+00 0.000000000000000000e+00 1.050800037384033159e-01 6.683958435058593439e-01 nan nan nan nan nan nan nan nan nan nan nan nan nan nan nan nan nan nan
nan nan nan nan nan 1.059777736663818429e-02 0.000000000000000000e+00 0.000000000000000000e+00 9.220444679260253462e-02 6.006837081909179865e-01 8.913800048828125488e-01 nan nan nan nan nan nan nan nan nan nan nan nan nan nan nan nan nan
nan nan nan nan nan 0.000000000000000000e+00 0.000000000000000000e+00 0.000000000000000000e+00 1.134222269058227615e-02 3.804000091552734442e-01 7.358876037597655850e-01 nan nan nan nan nan nan nan nan nan nan nan nan nan nan nan nan nan
nan nan nan nan nan 0.000000000000000000e+00 0.000000000000000000e+00 0.000000000000000000e+00 0.000000000000000000e+00 1.962051773071289140e-01 6.568037414550781383e-01 7.618180847167969061e-01 8.115146636962891069e-01 9.251733398437500533e-01 nan 9.805300140380859286e-01 nan nan nan nan nan nan nan nan nan nan nan nan
nan nan nan nan 0.000000000000000000e+00 0.000000000000000000e+00 0.000000000000000000e+00 0.000000000000000000e+00 0.000000000000000000e+00 3.886444330215454296e-02 4.078666687011718861e-01 6.408889007568359109e-01 7.452452087402343661e-01 7.361007690429687278e-01 8.415266418457031383e-01 nan nan nan nan nan nan nan nan nan nan nan nan nan
nan nan nan nan nan 0.000000000000000000e+00 0.000000000000000000e+00 0.000000000000000000e+00 0.000000000000000000e+00 0.000000000000000000e+00 6.823852062225341242e-02 2.971933364868163951e-01 6.374659347534179510e-01 7.656844329833983887e-01 7.368903350830078303e-01 7.467199707031250133e-01 nan nan nan nan nan nan nan nan nan nan nan nan
nan nan nan nan nan nan 0.000000000000000000e+00 0.000000000000000000e+00 0.000000000000000000e+00 0.000000000000000000e+00 0.000000000000000000e+00 1.718518495559692369e-02 3.090296363830566384e-01 7.624674224853515980e-01 7.898829650878905762e-01 7.063496398925781516e-01 7.831188964843750488e-01 9.101821899414062056e-01 9.738626861572265980e-01 nan nan nan nan nan nan nan nan nan
nan nan nan nan nan nan nan 0.000000000000000000e+00 0.000000000000000000e+00 0.000000000000000000e+00 0.000000000000000000e+00 0.000000000000000000e+00 8.577259063720703292e-02 5.592414855957030806e-01 7.713777923583984286e-01 8.094184875488281694e-01 7.894429779052734020e-01 8.670333099365233887e-01 9.293563079833984109e-01 8.664700317382812988e-01 9.608777618408202992e-01 9.492166900634765314e-01 nan nan nan nan nan nan
nan nan nan nan nan nan nan 0.000000000000000000e+00 0.000000000000000000e+00 0.000000000000000000e+00 0.000000000000000000e+00 0.000000000000000000e+00 8.645185232162476419e-03 2.759577751159668080e-01 5.429689025878906561e-01 7.041725921630859197e-01 8.086007690429687367e-01 8.199459075927734153e-01 8.833459472656249867e-01 9.046155548095703436e-01 9.347962951660155895e-01 9.388881683349609153e-01 9.274816894531250355e-01 9.048733520507812322e-01 nan nan nan nan
nan nan nan nan nan nan nan nan 0.000000000000000000e+00 0.000000000000000000e+00 0.000000000000000000e+00 0.000000000000000000e+00 0.000000000000000000e+00 6.033703804016113392e-02 2.470911026000976451e-01 3.374281311035156050e-01 6.404525756835937056e-01 8.574029541015625311e-01 8.845318603515625044e-01 9.019985198974609375e-01 8.991674041748046742e-01 9.373659515380858842e-01 9.650703430175781028e-01 8.733076477050780717e-01 nan 9.703362274169922141e-01 9.550199890136719105e-01 nan
nan nan nan nan nan nan nan nan nan 0.000000000000000000e+00 0.000000000000000000e+00 0.000000000000000000e+00 0.000000000000000000e+00 0.000000000000000000e+00 1.708222270011901939e-02 7.705407619476317693e-02 2.474274063110351585e-01 6.163992691040038885e-01 8.396488952636719238e-01 8.420807647705078613e-01 8.862970733642577814e-01 9.016822052001952637e-01 9.162400054931640891e-01 8.528577423095703436e-01 8.186009216308594016e-01 9.741474914550781738e-01 9.995362854003906339e-01 nan
nan nan nan nan nan nan nan nan nan nan 0.000000000000000000e+00 0.000000000000000000e+00 0.000000000000000000e+00 0.000000000000000000e+00 0.000000000000000000e+00 0.000000000000000000e+00 2.925703763961792075e-02 2.406666755676269420e-01 5.348466491699218617e-01 6.459970092773437145e-01 8.105014801025390847e-01 8.555941009521483842e-01 8.965888977050781028e-01 8.900718688964843750e-01 9.603836822509765891e-01 9.805488586425781250e-01 9.737881469726562544e-01 nan
nan nan nan nan nan nan nan nan nan nan nan nan 0.000000000000000000e+00 0.000000000000000000e+00 0.000000000000000000e+00 0.000000000000000000e+00 0.000000000000000000e+00 1.951481461524963434e-02 1.054599952697753973e-01 2.206562995910644476e-01 4.822718429565429621e-01 7.233769989013671964e-01 8.222962951660156561e-01 8.908621978759765359e-01 9.367214965820312988e-01 9.388103485107421875e-01 9.500273895263672275e-01 nan
nan nan nan nan nan nan nan nan nan nan nan nan nan 0.000000000000000000e+00 0.000000000000000000e+00 0.000000000000000000e+00 0.000000000000000000e+00 0.000000000000000000e+00 0.000000000000000000e+00 9.890370368957519809e-03 8.501852035522461382e-02 4.485911178588867232e-01 6.817592620849609597e-01 8.646970367431641158e-01 9.097118377685546875e-01 8.944022369384765359e-01 9.208126068115234375e-01 nan
nan nan nan nan nan nan nan nan nan nan nan nan nan nan nan 0.000000000000000000e+00 0.000000000000000000e+00 0.000000000000000000e+00 0.000000000000000000e+00 0.000000000000000000e+00 2.682963013648986903e-03 6.300148010253905917e-02 3.892763137817382701e-01 8.100852203369141025e-01 8.845252227783203525e-01 8.971881103515625400e-01 8.953866577148437145e-01 nan
nan nan nan nan nan nan nan nan nan nan nan nan nan nan nan nan nan 0.000000000000000000e+00 0.000000000000000000e+00 0.000000000000000000e+00 0.000000000000000000e+00 1.409333348274230922e-02 2.226891708374023338e-01 7.812362670898437278e-01 9.176821899414062678e-01 9.443118286132812234e-01 9.497281646728515936e-01 nan
nan nan nan nan nan nan nan nan nan nan nan nan nan nan nan nan nan nan nan nan 4.519199848175049078e-02 nan nan 7.998799896240234020e-01 9.183044433593750000e-01 9.309688568115234153e-01 nan nan
