nan nan nan 0.000000000000000000e+00 0.000000000000000000e+00 0.000000000000000000e+00 nan nan nan nan nan nan nan nan nan nan nan nan nan nan nan nan nan nan nan nan nan nan
nan nan 0.000000000000000000e+00 0.000000000000000000e+00 0.000000000000000000e+00 0.000000000000000000e+00 0.000000000000000000e+00 nan nan nan nan nan nan nan nan nan nan nan nan nan nan nan nan nan nan nan nan nan
nan nan 0.000000000000000000e+00 0.000000000000000000e+00 0.000000000000000000e+00 0.000000000000000000e+00 0.000000000000000000e+00 0.000000000000000000e+00 nan nan nan nan nan nan nan nan nan nan nan nan nan nan nan nan nan nan nan nan
nan 0.000000000000000000e+00 0.000000000000000000e+00 0.000000000000000000e+00 0.000000000000000000e+00 0.000000000000000000e+00 0.000000000000000000e+00 0.000000000000000000e+00 0.000000000000000000e+00 nan nan nan nan nan nan nan nan nan nan nan nan nan nan nan nan nan nan nan
0.000000000000000000e+00 0.000000000000000000e+00 0.000000000000000000e+00 0.000000000000000000e+00 0.000000000000000000e+00 0.000000000000000000e+00 0.000000000000000000e+00 0.000000000000000000e+00 0.000000000000000000e+00 1.400000043213367332e-04 nan nan nan nan nan nan nan nan nan nan nan nan nan nan nan nan nan nan
0.000000000000000000e+00 0.000000000000000000e+00 0.000000000000000000e+00 0.000000000000000000e+00 0.000000000000000000e+00 0.000000000000000000e+00 0.000000000000000000e+00 0.000000000000000000e+00 0.000000000000000000e+00 1.088000014424324140e-03 nan nan nan nan nan nan nan nan nan nan nan nan nan nan nan nan nan nan
0.000000000000000000e+00 0.000000000000000000e+00 0.000000000000000000e+00 0.000000000000000000e+00 0.000000000000000000e+00 0.000000000000000000e+00 0.000000000000000000e+00 0.000000000000000000e+00 6.991111040115356723e-03 nan nan nan nan nan nan nan nan nan nan nan nan nan nan nan nan nan nan nan
0.000000000000000000e+00 0.000000000000000000e+00 0.000000000000000000e+00 0.000000000000000000e+00 0.000000000000000000e+00 0.000000000000000000e+00 0.000000000000000000e+00 0.000000000000000000e+00 2.651481389999389704e-02 nan nan nan nan nan nan nan nan nan nan nan nan nan nan nan nan nan nan nan
nan 0.000000000000000000e+00 0.000000000000000000e+00 0.000000000000000000e+00 0.000000000000000000e+00 0.000000000000000000e+00 0.000000000000000000e+00 0.000000000000000000e+00 5.516666889190673800e-02 1.821276283264160190e-01 nan nan nan nan nan nan nan nan nan nan nan nan nan nan nan nan nan nan
nan 0.000000000000000000e+00 0.000000000000000000e+00 0.000000000000000000e+00 0.000000000000000000e+00 0.000000000000000000e+00 0.000000000000000000e+00 0.000000000000000000e+00 4.454444408416748102e-02 2.664451789855957209e-01 nan nan nan nan nan nan nan nan nan nan nan nan nan nan nan nan nan nan
nan 0.000000000000000000e+00 0.000000000000000000e+00 0.000000000000000000e+00 0.000000000000000000e+00 0.000000000000000000e+00 0.000000000000000000e+00 1.608222246170043848e-02 1.591733360290527310e-01 3.599911117553710738e-01 nan nan nan nan nan nan nan nan nan nan nan nan nan nan nan nan nan nan
nan nan 0.000000000000000000e+00 0.000000000000000000e+00 0.000000000000000000e+00 0.000000000000000000e+00 0.000000000000000000e+00 6.965036869049072432e-02 5.119125747680663974e-01 7.152370452880859597e-01 nan nan nan nan nan nan nan nan nan nan nan nan nan nan nan nan nan nan
nan nan 0.000000000000000000e+00 0.000000000000000000e+00 5.009999871253967632e-03 2.858400106430053836e-02 0.000000000000000000e+00 4.504814624786376842e-02 5.597185134887695535e-01 8.279467010498047230e-01 nan nan nan nan nan nan nan nan nan nan nan nan nan nan nan nan nan nan
nan nan nan nan nan nan 0.000000000000000000e+00 3.980000019073486744e-03 3.599214935302734175e-01 7.938674926757812722e-01 nan nan nan nan nan nan nan nan nan nan nan nan nan nan nan nan nan nan
nan nan nan nan nan 1.070740699768066469e-02 0.000000000000000000e+00 0.000000000000000000e+00 1.565044403076171764e-01 6.801451873779297275e-01 8.601833343505859153e-01 nan nan nan nan nan nan nan nan nan nan nan nan nan nan nan nan nan
nan nan nan nan nan 0.000000000000000000e+00 0.000000000000000000e+00 0.000000000000000000e+00 2.501259326934814411e-02 5.076407241821289107e-01 7.869542694091796742e-01 nan nan nan nan nan nan nan nan nan nan nan nan nan nan nan nan nan
nan nan nan nan nan 0.000000000000000000e+00 0.000000000000000000e+00 0.000000000000000000e+00 0.000000000000000000e+00 2.252022171020507946e-01 7.179807281494140492e-01 8.519066619873046919e-01 9.203520202636719105e-01 9.567333221435546653e-01 nan 9.622933197021484863e-01 nan nan nan nan nan nan nan nan nan nan nan nan
nan nan nan nan 0.000000000000000000e+00 0.000000000000000000e+00 0.000000000000000000e+00 0.000000000000000000e+00 0.000000000000000000e+00 1.388000011444091852e-02 3.079118537902831854e-01 7.209718322753906339e-01 8.760903930664062367e-01 9.194540405273436967e-01 9.029775238037109908e-01 nan nan nan nan nan nan nan nan nan nan nan nan nan
nan nan nan nan nan 0.000000000000000000e+00 0.000000000000000000e+00 0.000000000000000000e+00 0.000000000000000000e+00 0.000000000000000000e+00 2.967407405376434274e-03 2.798044395446777077e-01 7.009526062011718350e-01 8.376511383056640669e-01 8.553325653076171431e-01 8.169766998291015936e-01 nan nan nan nan nan nan nan nan nan nan nan nan
nan nan nan nan nan nan 0.000000000000000000e+00 0.000000000000000000e+00 0.000000000000000000e+00 0.000000000000000000e+00 0.000000000000000000e+00 7.854074239730834961e-03 2.826866722106933794e-01 6.385318374633789373e-01 7.714984893798828569e-01 7.943289184570312411e-01 8.306566619873047008e-01 8.585289001464844194e-01 9.037599945068359730e-01 nan nan nan nan nan nan nan nan nan
nan nan nan nan nan nan nan 0.000000000000000000e+00 0.000000000000000000e+00 0.000000000000000000e+00 0.000000000000000000e+00 0.000000000000000000e+00 7.336740970611571599e-02 3.019688796997070379e-01 5.505333328247070668e-01 7.578629302978515669e-01 8.841266632080078125e-01 8.738466644287109508e-01 9.264740753173827947e-01 9.132583618164062944e-01 9.260522460937500311e-01 9.516233062744140492e-01 nan nan nan nan nan nan
nan nan nan nan nan nan nan 0.000000000000000000e+00 0.000000000000000000e+00 0.000000000000000000e+00 0.000000000000000000e+00 0.000000000000000000e+00 6.951110959053039169e-03 7.578666687011718917e-02 1.808029556274414196e-01 4.665896224975585871e-01 8.198340606689452637e-01 9.336859130859375133e-01 9.432599639892578214e-01 9.574666595458984908e-01 9.706059265136718350e-01 9.284474182128906738e-01 9.350541687011718617e-01 8.758000183105468794e-01 nan nan nan nan
nan nan nan nan nan nan nan nan 0.000000000000000000e+00 0.000000000000000000e+00 0.000000000000000000e+00 0.000000000000000000e+00 0.000000000000000000e+00 0.000000000000000000e+00 2.872666597366332897e-02 1.383081436157226618e-01 5.217126083374022949e-01 8.821488952636719061e-01 9.444348144531250488e-01 9.443199920654297141e-01 9.497066497802734153e-01 9.474740600585938033e-01 9.336614990234375355e-01 8.994542694091797186e-01 nan 9.520009613037109242e-01 9.233441925048828658e-01 nan
nan nan nan nan nan nan nan nan nan 0.000000000000000000e+00 0.000000000000000000e+00 0.000000000000000000e+00 0.000000000000000000e+00 0.000000000000000000e+00 0.000000000000000000e+00 9.551110863685607216e-03 9.555259704589844083e-02 5.351548004150390447e-01 8.485214996337890891e-01 9.093718719482422053e-01 9.210540771484374556e-01 9.228533172607421564e-01 9.203015136718749600e-01 8.866162872314453658e-01 8.089981079101562500e-01 8.767016601562499512e-01 9.179740905761718528e-01 nan
nan nan nan nan nan nan nan nan nan nan 0.000000000000000000e+00 0.000000000000000000e+00 0.000000000000000000e+00 0.000000000000000000e+00 0.000000000000000000e+00 0.000000000000000000e+00 5.419259071350097760e-03 1.477222251892089944e-01 3.904770278930664307e-01 5.481111145019531561e-01 8.255000305175781428e-01 9.095570373535156738e-01 9.094081115722656428e-01 8.953155517578125222e-01 9.054266357421875133e-01 9.148370361328125311e-01 9.165592956542968350e-01 nan
nan nan nan nan nan nan nan nan nan nan nan nan 0.000000000000000000e+00 0.000000000000000000e+00 0.000000000000000000e+00 0.000000000000000000e+00 0.000000000000000000e+00 5.191851854324341237e-03 3.214740753173828125e-02 4.264444351196289285e-02 3.734392547607421897e-01 8.297541046142578036e-01 8.955326080322265625e-01 9.009288787841797097e-01 9.056089019775390714e-01 9.047673797607421742e-01 9.102947998046875266e-01 nan
nan nan nan nan nan nan nan nan nan nan nan nan nan 0.000000000000000000e+00 0.000000000000000000e+00 0.000000000000000000e+00 0.000000000000000000e+00 0.000000000000000000e+00 0.000000000000000000e+00 0.000000000000000000e+00 1.533481478691101074e-02 3.587540817260742032e-01 6.208896255493163707e-01 8.250355529785156072e-01 8.958711242675780895e-01 8.931333160400390936e-01 9.053170013427734863e-01 nan
nan nan nan nan nan nan nan nan nan nan nan nan nan nan nan 0.000000000000000000e+00 0.000000000000000000e+00 0.000000000000000000e+00 0.000000000000000000e+00 0.000000000000000000e+00 0.000000000000000000e+00 3.494074046611785837e-03 1.060733318328857394e-01 5.470059204101562766e-01 8.808711242675780762e-01 8.815311431884765847e-01 8.697007751464843617e-01 nan
nan nan nan nan nan nan nan nan nan nan nan nan nan nan nan nan nan 0.000000000000000000e+00 0.000000000000000000e+00 0.000000000000000000e+00 2.020740807056426933e-03 1.740166664123535267e-02 2.285833358764648333e-03 1.336570358276367165e-01 5.676126098632812145e-01 8.831955718994141113e-01 8.822370147705078658e-01 nan
nan nan nan nan nan nan nan nan nan nan nan nan nan nan nan nan nan nan nan nan 8.435199737548827736e-02 nan nan 7.868888974189757607e-03 2.657600021362304665e-01 8.420659637451172186e-01 nan nan
