nan nan nan 0.000000000000000000e+00 0.000000000000000000e+00 0.000000000000000000e+00 nan nan nan nan nan nan nan nan nan nan nan nan nan nan nan nan nan nan nan nan nan nan
nan nan 0.000000000000000000e+00 0.000000000000000000e+00 0.000000000000000000e+00 0.000000000000000000e+00 9.696296602487564477e-04 nan nan nan nan nan nan nan nan nan nan nan nan nan nan nan nan nan nan nan nan nan
nan nan 0.000000000000000000e+00 0.000000000000000000e+00 0.000000000000000000e+00 0.000000000000000000e+00 0.000000000000000000e+00 1.962444424629211301e-02 nan nan nan nan nan nan nan nan nan nan nan nan nan nan nan nan nan nan nan nan
nan 0.000000000000000000e+00 0.000000000000000000e+00 0.000000000000000000e+00 0.000000000000000000e+00 0.000000000000000000e+00 0.000000000000000000e+00 0.000000000000000000e+00 1.155037021636962924e-01 nan nan nan nan nan nan nan nan nan nan nan nan nan nan nan nan nan nan nan
0.000000000000000000e+00 0.000000000000000000e+00 0.000000000000000000e+00 0.000000000000000000e+00 0.000000000000000000e+00 0.000000000000000000e+00 0.000000000000000000e+00 0.000000000000000000e+00 1.140540695190429693e-01 6.787725830078125133e-01 nan nan nan nan nan nan nan nan nan nan nan nan nan nan nan nan nan nan
0.000000000000000000e+00 0.000000000000000000e+00 0.000000000000000000e+00 0.000000000000000000e+00 0.000000000000000000e+00 0.000000000000000000e+00 0.000000000000000000e+00 4.571851789951324879e-03 3.028333282470703214e-01 7.187893676757812766e-01 nan nan nan nan nan nan nan nan nan nan nan nan nan nan nan nan nan nan
0.000000000000000000e+00 0.000000000000000000e+00 0.000000000000000000e+00 0.000000000000000000e+00 0.000000000000000000e+00 0.000000000000000000e+00 0.000000000000000000e+00 4.026370525360107450e-02 5.661370468139648171e-01 nan nan nan nan nan nan nan nan nan nan nan nan nan nan nan nan nan nan nan
0.000000000000000000e+00 0.000000000000000000e+00 0.000000000000000000e+00 0.000000000000000000e+00 0.000000000000000000e+00 0.000000000000000000e+00 0.000000000000000000e+00 5.431925773620605719e-02 6.018266677856445312e-01 nan nan nan nan nan nan nan nan nan nan nan nan nan nan nan nan nan nan nan
nan 0.000000000000000000e+00 0.000000000000000000e+00 0.000000000000000000e+00 0.000000000000000000e+00 0.000000000000000000e+00 0.000000000000000000e+00 1.044688892364502020e-01 5.994311141967773038e-01 8.308924102783202814e-01 nan nan nan nan nan nan nan nan nan nan nan nan nan nan nan nan nan nan
nan 0.000000000000000000e+00 0.000000000000000000e+00 0.000000000000000000e+00 0.000000000000000000e+00 0.000000000000000000e+00 0.000000000000000000e+00 1.819333314895629772e-02 2.684451866149902277e-01 6.832555389404296742e-01 nan nan nan nan nan nan nan nan nan nan nan nan nan nan nan nan nan nan
nan 0.000000000000000000e+00 0.000000000000000000e+00 0.000000000000000000e+00 0.000000000000000000e+00 0.000000000000000000e+00 0.000000000000000000e+00 0.000000000000000000e+00 1.463888931274414107e-01 6.138518524169921387e-01 nan nan nan nan nan nan nan nan nan nan nan nan nan nan nan nan nan nan
nan nan 0.000000000000000000e+00 0.000000000000000000e+00 0.000000000000000000e+00 0.000000000000000000e+00 0.000000000000000000e+00 3.807185173034668274e-02 5.269955444335937544e-01 8.909873962402343750e-01 nan nan nan nan nan nan nan nan nan nan nan nan nan nan nan nan nan nan
nan nan 0.000000000000000000e+00 0.000000000000000000e+00 2.350755500793456909e-01 2.570266723632812569e-02 0.000000000000000000e+00 1.987925887107849093e-02 5.549118423461913974e-01 9.198950195312499689e-01 nan nan nan nan nan nan nan nan nan nan nan nan nan nan nan nan nan nan
nan nan nan nan nan nan 0.000000000000000000e+00 0.000000000000000000e+00 3.070740699768066406e-01 8.263216400146484730e-01 nan nan nan nan nan nan nan nan nan nan nan nan nan nan nan nan nan nan
nan nan nan nan nan 6.021481752395629709e-03 0.000000000000000000e+00 0.000000000000000000e+00 2.456444358825683461e-01 7.342015075683593350e-01 8.791733551025390225e-01 nan nan nan nan nan nan nan nan nan nan nan nan nan nan nan nan nan
nan nan nan nan nan 0.000000000000000000e+00 0.000000000000000000e+00 0.000000000000000000e+00 9.484073638916015736e-02 6.015792465209961470e-01 7.903562164306641158e-01 nan nan nan nan nan nan nan nan nan nan nan nan nan nan nan nan nan
nan nan nan nan nan 0.000000000000000000e+00 0.000000000000000000e+00 0.000000000000000000e+00 5.111851692199706997e-03 4.155266571044922141e-01 7.824281311035156117e-01 8.687009429931640270e-01 9.439920043945312367e-01 9.915333557128905850e-01 nan 9.596499633789062900e-01 nan nan nan nan nan nan nan nan nan nan nan nan
nan nan nan nan 0.000000000000000000e+00 0.000000000000000000e+00 0.000000000000000000e+00 0.000000000000000000e+00 0.000000000000000000e+00 1.184340763092041060e-01 5.332363128662109819e-01 8.067814636230469238e-01 9.255088806152343972e-01 9.371525573730469238e-01 9.411416625976563033e-01 nan nan nan nan nan nan nan nan nan nan nan nan nan
nan nan nan nan nan 0.000000000000000000e+00 0.000000000000000000e+00 0.000000000000000000e+00 0.000000000000000000e+00 1.617037057876586975e-03 9.786592483520507868e-02 4.121511077880859464e-01 7.621481323242187411e-01 9.271303558349609508e-01 9.348340606689453658e-01 8.861955261230468617e-01 nan nan nan nan nan nan nan nan nan nan nan nan
nan nan nan nan nan nan 0.000000000000000000e+00 0.000000000000000000e+00 0.000000000000000000e+00 0.000000000000000000e+00 0.000000000000000000e+00 4.777852058410644864e-02 4.279059219360351607e-01 8.055007171630859109e-01 9.097288513183593439e-01 9.137503814697265359e-01 8.800355529785156561e-01 8.954333496093750400e-01 9.577866363525390225e-01 nan nan nan nan nan nan nan nan nan
nan nan nan nan nan nan nan 0.000000000000000000e+00 0.000000000000000000e+00 0.000000000000000000e+00 0.000000000000000000e+00 0.000000000000000000e+00 1.475274085998535267e-01 5.643829727172851030e-01 8.121215057373046831e-01 8.960325622558593661e-01 9.172162628173827770e-01 9.196303558349608887e-01 9.503585052490234331e-01 8.938566589355468883e-01 9.412767028808594061e-01 9.182483673095702681e-01 nan nan nan nan nan nan
nan nan nan nan nan nan nan 0.000000000000000000e+00 0.000000000000000000e+00 0.000000000000000000e+00 0.000000000000000000e+00 0.000000000000000000e+00 2.208518505096435450e-02 2.125444412231445312e-01 4.941614913940429732e-01 7.462474060058593706e-01 8.770592498779297141e-01 9.402666473388672230e-01 9.689592742919921342e-01 9.643399810791015714e-01 9.319659423828124956e-01 9.072066497802734331e-01 9.009899902343749822e-01 8.721932983398437145e-01 nan nan nan nan
nan nan nan nan nan nan nan nan 0.000000000000000000e+00 0.000000000000000000e+00 0.000000000000000000e+00 0.000000000000000000e+00 0.000000000000000000e+00 3.334000110626220842e-02 1.794562911987304665e-01 3.670925903320312322e-01 7.152103424072265847e-01 9.000614929199218794e-01 9.599755859374999867e-01 9.871333312988280762e-01 9.756222534179687100e-01 9.594881439208984286e-01 9.523236846923828214e-01 8.519076538085937900e-01 nan 9.640238189697265536e-01 9.438449859619140181e-01 nan
nan nan nan nan nan nan nan nan nan 0.000000000000000000e+00 0.000000000000000000e+00 0.000000000000000000e+00 0.000000000000000000e+00 0.000000000000000000e+00 1.489185214042663616e-02 5.610444545745849748e-02 2.223407363891601596e-01 5.863696289062499956e-01 8.813051605224608842e-01 9.501110839843750488e-01 9.663578033447265403e-01 9.775696563720702725e-01 9.670874023437500133e-01 8.992207336425781516e-01 7.975009155273437012e-01 9.735075378417968883e-01 9.987392425537109375e-01 nan
nan nan nan nan nan nan nan nan nan nan 0.000000000000000000e+00 0.000000000000000000e+00 0.000000000000000000e+00 0.000000000000000000e+00 0.000000000000000000e+00 0.000000000000000000e+00 1.583037018775939817e-02 1.783429718017578158e-01 4.890029525756836026e-01 6.494577789306640314e-01 8.631133270263672275e-01 9.442414855957030895e-01 9.596089172363281294e-01 9.647170257568359331e-01 9.599237060546874645e-01 9.811407470703125133e-01 9.819377899169922097e-01 nan
nan nan nan nan nan nan nan nan nan nan nan nan 0.000000000000000000e+00 0.000000000000000000e+00 0.000000000000000000e+00 0.000000000000000000e+00 0.000000000000000000e+00 1.747333288192749051e-02 6.101629734039306502e-02 1.575199985504150413e-01 4.696525955200195335e-01 7.792903900146483931e-01 8.529370117187500266e-01 9.487451934814452592e-01 9.521932983398437855e-01 9.543903350830078569e-01 9.471681213378906339e-01 nan
nan nan nan nan nan nan nan nan nan nan nan nan nan 0.000000000000000000e+00 0.000000000000000000e+00 0.000000000000000000e+00 0.000000000000000000e+00 0.000000000000000000e+00 0.000000000000000000e+00 8.111111074686050805e-04 1.430014801025390747e-01 4.048222351074218794e-01 6.643385314941405717e-01 9.085710906982421564e-01 9.493170166015625355e-01 9.512110900878906206e-01 9.503814697265624556e-01 nan
nan nan nan nan nan nan nan nan nan nan nan nan nan nan nan 0.000000000000000000e+00 0.000000000000000000e+00 0.000000000000000000e+00 0.000000000000000000e+00 0.000000000000000000e+00 2.628148198127746703e-03 4.062814712524413785e-02 4.328429794311523526e-01 8.544058990478515803e-01 9.351296234130859197e-01 9.425599670410156339e-01 9.592814636230468928e-01 nan
nan nan nan nan nan nan nan nan nan nan nan nan nan nan nan nan nan 0.000000000000000000e+00 0.000000000000000000e+00 0.000000000000000000e+00 0.000000000000000000e+00 1.401666641235351646e-02 2.540308380126953258e-01 7.377510833740233975e-01 9.368481445312499822e-01 9.556674194335937900e-01 9.708911132812499956e-01 nan
nan nan nan nan nan nan nan nan nan nan nan nan nan nan nan nan nan nan nan nan 4.932533264160156306e-02 nan nan 6.987370300292968794e-01 9.165777587890624467e-01 9.633437347412109331e-01 nan nan
