nan nan nan 0.000000000000000000e+00 0.000000000000000000e+00 7.518518716096878485e-04 nan nan nan nan nan nan nan nan nan nan nan nan nan nan nan nan nan nan nan nan nan nan
nan nan 0.000000000000000000e+00 0.000000000000000000e+00 0.000000000000000000e+00 0.000000000000000000e+00 2.015555500984192103e-03 nan nan nan nan nan nan nan nan nan nan nan nan nan nan nan nan nan nan nan nan nan
nan nan 0.000000000000000000e+00 0.000000000000000000e+00 0.000000000000000000e+00 0.000000000000000000e+00 0.000000000000000000e+00 3.534592628479003851e-02 nan nan nan nan nan nan nan nan nan nan nan nan nan nan nan nan nan nan nan nan
nan 0.000000000000000000e+00 0.000000000000000000e+00 0.000000000000000000e+00 0.000000000000000000e+00 0.000000000000000000e+00 0.000000000000000000e+00 5.973333120346068989e-03 1.855481529235839810e-01 nan nan nan nan nan nan nan nan nan nan nan nan nan nan nan nan nan nan nan
0.000000000000000000e+00 0.000000000000000000e+00 0.000000000000000000e+00 0.000000000000000000e+00 0.000000000000000000e+00 0.000000000000000000e+00 0.000000000000000000e+00 0.000000000000000000e+00 8.113778114318848100e-02 4.436310958862304532e-01 nan nan nan nan nan nan nan nan nan nan nan nan nan nan nan nan nan nan
0.000000000000000000e+00 0.000000000000000000e+00 0.000000000000000000e+00 0.000000000000000000e+00 0.000000000000000000e+00 0.000000000000000000e+00 0.000000000000000000e+00 2.019925832748413128e-02 1.728948211669921742e-01 4.341759872436523615e-01 nan nan nan nan nan nan nan nan nan nan nan nan nan nan nan nan nan nan
0.000000000000000000e+00 0.000000000000000000e+00 0.000000000000000000e+00 0.000000000000000000e+00 0.000000000000000000e+00 0.000000000000000000e+00 0.000000000000000000e+00 2.845777750015258956e-02 3.668873977661132879e-01 nan nan nan nan nan nan nan nan nan nan nan nan nan nan nan nan nan nan nan
0.000000000000000000e+00 0.000000000000000000e+00 0.000000000000000000e+00 0.000000000000000000e+00 0.000000000000000000e+00 0.000000000000000000e+00 0.000000000000000000e+00 4.679925918579101729e-02 4.921162796020507879e-01 nan nan nan nan nan nan nan nan nan nan nan nan nan nan nan nan nan nan nan
nan 0.000000000000000000e+00 0.000000000000000000e+00 0.000000000000000000e+00 0.000000000000000000e+00 0.000000000000000000e+00 0.000000000000000000e+00 1.510474109649658225e-01 6.134444427490234331e-01 8.406390380859375400e-01 nan nan nan nan nan nan nan nan nan nan nan nan nan nan nan nan nan nan
nan 0.000000000000000000e+00 0.000000000000000000e+00 0.000000000000000000e+00 0.000000000000000000e+00 0.000000000000000000e+00 0.000000000000000000e+00 6.907926082611083596e-02 4.607370376586913951e-01 7.371932983398437056e-01 nan nan nan nan nan nan nan nan nan nan nan nan nan nan nan nan nan nan
nan 0.000000000000000000e+00 0.000000000000000000e+00 0.000000000000000000e+00 0.000000000000000000e+00 0.000000000000000000e+00 0.000000000000000000e+00 3.705925941467284879e-02 4.470851898193359264e-01 7.405029296874999778e-01 nan nan nan nan nan nan nan nan nan nan nan nan nan nan nan nan nan nan
nan nan 0.000000000000000000e+00 0.000000000000000000e+00 0.000000000000000000e+00 0.000000000000000000e+00 0.000000000000000000e+00 1.506851863861083940e-01 6.741933441162109020e-01 8.721155548095702592e-01 nan nan nan nan nan nan nan nan nan nan nan nan nan nan nan nan nan nan
nan nan 0.000000000000000000e+00 0.000000000000000000e+00 2.388944435119629006e-01 2.628000020980834905e-02 0.000000000000000000e+00 1.227511119842529252e-01 6.027229690551757502e-01 8.214541625976562456e-01 nan nan nan nan nan nan nan nan nan nan nan nan nan nan nan nan nan nan
nan nan nan nan nan nan 0.000000000000000000e+00 2.705037117004394434e-02 2.706918525695800604e-01 6.293875122070312633e-01 nan nan nan nan nan nan nan nan nan nan nan nan nan nan nan nan nan nan
nan nan nan nan nan 4.740740656852721752e-03 0.000000000000000000e+00 2.445185184478759852e-03 1.010696315765380882e-01 5.045925903320312988e-01 7.380200195312499600e-01 nan nan nan nan nan nan nan nan nan nan nan nan nan nan nan nan nan
nan nan nan nan nan 0.000000000000000000e+00 0.000000000000000000e+00 0.000000000000000000e+00 9.695555567741393627e-03 3.244303894042968595e-01 7.281980895996094105e-01 nan nan nan nan nan nan nan nan nan nan nan nan nan nan nan nan nan
nan nan nan nan nan 0.000000000000000000e+00 0.000000000000000000e+00 0.000000000000000000e+00 0.000000000000000000e+00 1.571274089813232411e-01 6.743777465820312012e-01 8.470256805419922319e-01 9.343693542480469016e-01 9.917786407470703391e-01 nan 9.798600006103516113e-01 nan nan nan nan nan nan nan nan nan nan nan nan
nan nan nan nan 0.000000000000000000e+00 0.000000000000000000e+00 0.000000000000000000e+00 0.000000000000000000e+00 0.000000000000000000e+00 2.581555604934692230e-02 2.982711029052734220e-01 6.766829681396484553e-01 8.601985168457031428e-01 9.265259552001953169e-01 9.403182983398437056e-01 nan nan nan nan nan nan nan nan nan nan nan nan nan
nan nan nan nan nan 0.000000000000000000e+00 0.000000000000000000e+00 0.000000000000000000e+00 0.000000000000000000e+00 0.000000000000000000e+00 1.602592587471008204e-02 2.740281486511230713e-01 6.727614593505859553e-01 8.590444183349609242e-01 9.303770446777344105e-01 9.407155609130859464e-01 nan nan nan nan nan nan nan nan nan nan nan nan
nan nan nan nan nan nan 0.000000000000000000e+00 0.000000000000000000e+00 0.000000000000000000e+00 0.000000000000000000e+00 0.000000000000000000e+00 4.004222393035888894e-02 3.756325912475586004e-01 7.420874023437500355e-01 8.499133300781249734e-01 8.784859466552734641e-01 8.728778076171874734e-01 9.231533050537109597e-01 9.694840240478516113e-01 nan nan nan nan nan nan nan nan nan
nan nan nan nan nan nan nan 0.000000000000000000e+00 0.000000000000000000e+00 0.000000000000000000e+00 0.000000000000000000e+00 1.492592543363571202e-03 1.363837051391601496e-01 5.133348083496094283e-01 7.550355529785156561e-01 8.322103881835937189e-01 9.172666931152343439e-01 9.398867034912109508e-01 9.763362884521484819e-01 9.701183319091797319e-01 9.719733428955078525e-01 9.902666473388671564e-01 nan nan nan nan nan nan
nan nan nan nan nan nan nan 0.000000000000000000e+00 0.000000000000000000e+00 0.000000000000000000e+00 0.000000000000000000e+00 0.000000000000000000e+00 5.272592306137084857e-03 1.474244403839111428e-01 4.806044387817383079e-01 7.814866638183594061e-01 8.675170135498047053e-01 9.468266296386719238e-01 9.763326263427734020e-01 9.849600219726561967e-01 9.737110900878905850e-01 9.753133392333984686e-01 9.757399749755859553e-01 9.336466979980468928e-01 nan nan nan nan
nan nan nan nan nan nan nan nan 0.000000000000000000e+00 0.000000000000000000e+00 7.740740478038788319e-04 0.000000000000000000e+00 0.000000000000000000e+00 7.464444637298584331e-03 1.774133300781249867e-01 6.045399856567382768e-01 8.685407257080077770e-01 9.112192535400390758e-01 9.599962615966797230e-01 9.755799865722656339e-01 9.599732971191405895e-01 9.742214965820312766e-01 9.615415191650390492e-01 8.787999725341797408e-01 nan 9.542923736572265225e-01 9.258383178710937189e-01 nan
nan nan nan nan nan nan nan nan nan 0.000000000000000000e+00 0.000000000000000000e+00 0.000000000000000000e+00 0.000000000000000000e+00 0.000000000000000000e+00 2.457703590393066351e-02 2.935274124145507701e-01 6.846636962890625400e-01 8.667333221435546964e-01 9.253281402587890669e-01 9.531073760986328303e-01 9.694540405273437411e-01 9.524111175537108842e-01 9.042051696777343439e-01 7.603177642822265270e-01 7.392562103271483887e-01 9.211933135986327681e-01 9.508184814453124467e-01 nan
nan nan nan nan nan nan nan nan nan nan 0.000000000000000000e+00 0.000000000000000000e+00 0.000000000000000000e+00 0.000000000000000000e+00 0.000000000000000000e+00 1.697037070989608704e-03 2.291644477844238248e-01 6.022844314575195312e-01 8.429347991943358931e-01 9.047577667236328391e-01 9.359799957275390936e-01 9.477999877929687012e-01 9.495392608642577725e-01 9.187429809570312189e-01 9.419422149658203125e-01 9.607777404785156072e-01 9.731096649169921342e-01 nan
nan nan nan nan nan nan nan nan nan nan nan nan 0.000000000000000000e+00 0.000000000000000000e+00 0.000000000000000000e+00 0.000000000000000000e+00 5.477777719497680699e-03 1.324288845062255859e-01 4.647703552246093550e-01 7.499051666259766158e-01 8.931688690185546342e-01 9.341222381591797186e-01 9.538037109375000488e-01 9.566207122802734553e-01 9.686170196533203658e-01 9.826955413818359020e-01 9.947903442382812766e-01 nan
nan nan nan nan nan nan nan nan nan nan nan nan nan 0.000000000000000000e+00 0.000000000000000000e+00 0.000000000000000000e+00 0.000000000000000000e+00 1.011111140251159729e-03 6.111926078796386941e-02 2.997437095642089822e-01 6.669673919677734375e-01 8.827785491943359597e-01 9.451503753662109375e-01 9.638578033447265936e-01 9.879399871826172186e-01 9.938570404052734508e-01 9.875096130371093794e-01 nan
nan nan nan nan nan nan nan nan nan nan nan nan nan nan nan 0.000000000000000000e+00 0.000000000000000000e+00 0.000000000000000000e+00 0.000000000000000000e+00 6.790370345115661309e-03 1.881925964355468661e-01 6.199607467651366832e-01 9.134170532226562056e-01 9.829992675781249467e-01 9.886859130859374512e-01 9.872429656982422141e-01 9.861237335205078613e-01 nan
nan nan nan nan nan nan nan nan nan nan nan nan nan nan nan nan nan 0.000000000000000000e+00 0.000000000000000000e+00 0.000000000000000000e+00 9.108148217201232633e-03 2.118633270263671764e-01 7.777308654785156650e-01 9.784348297119140891e-01 9.889407348632812678e-01 9.898985290527343439e-01 9.930370330810547319e-01 nan
nan nan nan nan nan nan nan nan nan nan nan nan nan nan nan nan nan nan nan nan 9.899066925048828625e-02 nan nan 9.808889007568359908e-01 9.907814788818359863e-01 9.960229492187500089e-01 nan nan
