nan nan nan 0.000000000000000000e+00 0.000000000000000000e+00 0.000000000000000000e+00 nan nan nan nan nan nan nan nan nan nan nan nan nan nan nan nan nan nan nan nan nan nan
nan nan 0.000000000000000000e+00 0.000000000000000000e+00 0.000000000000000000e+00 0.000000000000000000e+00 0.000000000000000000e+00 nan nan nan nan nan nan nan nan nan nan nan nan nan nan nan nan nan nan nan nan nan
nan nan 0.000000000000000000e+00 0.000000000000000000e+00 0.000000000000000000e+00 0.000000000000000000e+00 0.000000000000000000e+00 2.578222274780273340e-02 nan nan nan nan nan nan nan nan nan nan nan nan nan nan nan nan nan nan nan nan
nan 0.000000000000000000e+00 0.000000000000000000e+00 0.000000000000000000e+00 0.000000000000000000e+00 0.000000000000000000e+00 0.000000000000000000e+00 3.552592694759368775e-03 1.668162918090820290e-01 nan nan nan nan nan nan nan nan nan nan nan nan nan nan nan nan nan nan nan
0.000000000000000000e+00 0.000000000000000000e+00 0.000000000000000000e+00 0.000000000000000000e+00 0.000000000000000000e+00 0.000000000000000000e+00 0.000000000000000000e+00 0.000000000000000000e+00 6.466148376464843361e-02 5.760451889038086248e-01 nan nan nan nan nan nan nan nan nan nan nan nan nan nan nan nan nan nan
0.000000000000000000e+00 0.000000000000000000e+00 0.000000000000000000e+00 0.000000000000000000e+00 0.000000000000000000e+00 0.000000000000000000e+00 0.000000000000000000e+00 0.000000000000000000e+00 1.003318500518798895e-01 4.397760009765624978e-01 nan nan nan nan nan nan nan nan nan nan nan nan nan nan nan nan nan nan
0.000000000000000000e+00 0.000000000000000000e+00 0.000000000000000000e+00 0.000000000000000000e+00 0.000000000000000000e+00 0.000000000000000000e+00 0.000000000000000000e+00 6.940741091966629245e-04 3.327133178710937611e-01 nan nan nan nan nan nan nan nan nan nan nan nan nan nan nan nan nan nan nan
0.000000000000000000e+00 0.000000000000000000e+00 0.000000000000000000e+00 0.000000000000000000e+00 0.000000000000000000e+00 0.000000000000000000e+00 0.000000000000000000e+00 3.434074223041534528e-03 4.675318527221679621e-01 nan nan nan nan nan nan nan nan nan nan nan nan nan nan nan nan nan nan nan
nan 0.000000000000000000e+00 0.000000000000000000e+00 0.000000000000000000e+00 0.000000000000000000e+00 0.000000000000000000e+00 0.000000000000000000e+00 1.778222203254699665e-02 5.516755676269531339e-01 9.477313995361328347e-01 nan nan nan nan nan nan nan nan nan nan nan nan nan nan nan nan nan nan
nan 0.000000000000000000e+00 0.000000000000000000e+00 0.000000000000000000e+00 0.000000000000000000e+00 0.000000000000000000e+00 0.000000000000000000e+00 0.000000000000000000e+00 3.449385070800781161e-01 9.334873962402343572e-01 nan nan nan nan nan nan nan nan nan nan nan nan nan nan nan nan nan nan
nan 0.000000000000000000e+00 0.000000000000000000e+00 0.000000000000000000e+00 0.000000000000000000e+00 0.000000000000000000e+00 0.000000000000000000e+00 3.257999897003174133e-02 4.670037078857421919e-01 9.529029846191405806e-01 nan nan nan nan nan nan nan nan nan nan nan nan nan nan nan nan nan nan
nan nan 0.000000000000000000e+00 0.000000000000000000e+00 0.000000000000000000e+00 0.000000000000000000e+00 0.000000000000000000e+00 8.761630058288574774e-02 6.677488708496093217e-01 9.864237213134765536e-01 nan nan nan nan nan nan nan nan nan nan nan nan nan nan nan nan nan nan
nan nan 0.000000000000000000e+00 0.000000000000000000e+00 2.997777760028838990e-03 2.226933240890503068e-02 0.000000000000000000e+00 2.021481513977050823e-02 5.250962829589843617e-01 9.514291381835937589e-01 nan nan nan nan nan nan nan nan nan nan nan nan nan nan nan nan nan nan
nan nan nan nan nan nan 0.000000000000000000e+00 0.000000000000000000e+00 2.460340690612793091e-01 8.930200195312499867e-01 nan nan nan nan nan nan nan nan nan nan nan nan nan nan nan nan nan nan
nan nan nan nan nan 2.479259222745895230e-03 0.000000000000000000e+00 0.000000000000000000e+00 1.101266670227050715e-01 7.467103576660156783e-01 9.844033050537109863e-01 nan nan nan nan nan nan nan nan nan nan nan nan nan nan nan nan nan
nan nan nan nan nan 0.000000000000000000e+00 0.000000000000000000e+00 0.000000000000000000e+00 8.688888698816298961e-04 3.836000061035156339e-01 8.714723968505859730e-01 nan nan nan nan nan nan nan nan nan nan nan nan nan nan nan nan nan
nan nan nan nan nan 0.000000000000000000e+00 0.000000000000000000e+00 0.000000000000000000e+00 0.000000000000000000e+00 6.109036922454833679e-02 5.211637115478515714e-01 7.718266296386718794e-01 8.929239654541015758e-01 9.574826812744140492e-01 nan 9.732233428955078258e-01 nan nan nan nan nan nan nan nan nan nan nan nan
nan nan nan nan 0.000000000000000000e+00 0.000000000000000000e+00 0.000000000000000000e+00 0.000000000000000000e+00 0.000000000000000000e+00 0.000000000000000000e+00 7.210073947906493752e-02 2.644548225402831854e-01 5.988229751586914285e-01 8.333911132812500400e-01 8.675841522216797275e-01 nan nan nan nan nan nan nan nan nan nan nan nan nan
nan nan nan nan nan 0.000000000000000000e+00 0.000000000000000000e+00 0.000000000000000000e+00 0.000000000000000000e+00 0.000000000000000000e+00 0.000000000000000000e+00 6.556296348571776997e-03 1.664111137390136830e-01 5.170807266235351030e-01 7.722185516357421564e-01 8.605833435058594105e-01 nan nan nan nan nan nan nan nan nan nan nan nan
nan nan nan nan nan nan 0.000000000000000000e+00 0.000000000000000000e+00 0.000000000000000000e+00 0.000000000000000000e+00 0.000000000000000000e+00 0.000000000000000000e+00 1.745925992727279672e-03 8.575481414794922097e-02 3.629844284057617276e-01 7.934014892578125089e-01 8.755344390869140847e-01 9.362000274658203169e-01 9.609040069580078169e-01 nan nan nan nan nan nan nan nan nan
nan nan nan nan nan nan nan 0.000000000000000000e+00 0.000000000000000000e+00 0.000000000000000000e+00 0.000000000000000000e+00 0.000000000000000000e+00 0.000000000000000000e+00 0.000000000000000000e+00 4.189555644989013949e-02 4.984881591796874734e-01 9.022133636474609641e-01 9.371629333496094283e-01 9.669377899169921964e-01 9.684283447265624734e-01 9.593166351318359597e-01 9.763183593750000000e-01 nan nan nan nan nan nan
nan nan nan nan nan nan nan 0.000000000000000000e+00 0.000000000000000000e+00 0.000000000000000000e+00 0.000000000000000000e+00 0.000000000000000000e+00 0.000000000000000000e+00 0.000000000000000000e+00 0.000000000000000000e+00 1.930644416809081942e-01 7.397970581054686967e-01 9.196881103515625044e-01 9.384629821777343839e-01 9.575570678710937367e-01 9.531185150146483931e-01 9.786888885498047363e-01 9.642158508300781028e-01 9.058133697509765936e-01 nan nan nan nan
nan nan nan nan nan nan nan nan 0.000000000000000000e+00 0.000000000000000000e+00 2.403703629970550641e-03 0.000000000000000000e+00 0.000000000000000000e+00 0.000000000000000000e+00 0.000000000000000000e+00 2.095333337783813338e-02 5.047940826416015270e-01 8.476570129394531694e-01 9.112807464599609331e-01 9.217578124999999956e-01 9.289340972900390625e-01 9.743074035644531117e-01 9.737192535400390758e-01 9.055666351318358842e-01 nan 9.622247314453125089e-01 9.111000061035156028e-01 nan
nan nan nan nan nan nan nan nan nan 0.000000000000000000e+00 0.000000000000000000e+00 0.000000000000000000e+00 0.000000000000000000e+00 0.000000000000000000e+00 0.000000000000000000e+00 0.000000000000000000e+00 1.392770385742187478e-01 6.518866729736327859e-01 8.733325958251952903e-01 9.045600128173828525e-01 9.195037078857422053e-01 9.585770416259765669e-01 9.590318298339843839e-01 8.474985504150390758e-01 7.552085876464843528e-01 9.049024963378906605e-01 9.279955291748046564e-01 nan
nan nan nan nan nan nan nan nan nan nan 0.000000000000000000e+00 0.000000000000000000e+00 0.000000000000000000e+00 0.000000000000000000e+00 0.000000000000000000e+00 0.000000000000000000e+00 3.970370292663573906e-03 1.979822158813476507e-01 5.147296142578124956e-01 6.421762847900390758e-01 8.393000030517577814e-01 9.173451995849609686e-01 9.269570159912109419e-01 9.122533416748046520e-01 9.290755462646483887e-01 9.435710906982421875e-01 9.486940765380859064e-01 nan
nan nan nan nan nan nan nan nan nan nan nan nan 0.000000000000000000e+00 0.000000000000000000e+00 0.000000000000000000e+00 0.000000000000000000e+00 0.000000000000000000e+00 0.000000000000000000e+00 2.271777868270874121e-02 7.670740604400634599e-02 3.977236938476562678e-01 6.773651885986328169e-01 7.826859283447266113e-01 9.000800323486327637e-01 9.208370208740234153e-01 9.499940490722655895e-01 9.663540649414062988e-01 nan
nan nan nan nan nan nan nan nan nan nan nan nan nan 0.000000000000000000e+00 0.000000000000000000e+00 0.000000000000000000e+00 0.000000000000000000e+00 0.000000000000000000e+00 0.000000000000000000e+00 0.000000000000000000e+00 3.331111192703246904e-02 1.600311088562011708e-01 2.942444419860839600e-01 7.377540588378905806e-01 8.985325622558594238e-01 9.521858978271484641e-01 9.786837005615234286e-01 nan
nan nan nan nan nan nan nan nan nan nan nan nan nan nan nan 0.000000000000000000e+00 0.000000000000000000e+00 0.000000000000000000e+00 0.000000000000000000e+00 0.000000000000000000e+00 0.000000000000000000e+00 8.311111479997635321e-04 8.982370376586913674e-02 6.551896667480469061e-01 9.257644653320312722e-01 9.286607360839843617e-01 9.650125885009765980e-01 nan
nan nan nan nan nan nan nan nan nan nan nan nan nan nan nan nan nan 0.000000000000000000e+00 0.000000000000000000e+00 0.000000000000000000e+00 1.193111062049865764e-02 2.893833398818969685e-02 8.771249771118164174e-02 3.824392700195312633e-01 8.265437316894531650e-01 9.478888702392578303e-01 9.659088897705078169e-01 nan
nan nan nan nan nan nan nan nan nan nan nan nan nan nan nan nan nan nan nan nan 1.282173347473144487e-01 nan nan 3.609999847412109220e-01 5.735377883911132457e-01 9.169755554199219283e-01 nan nan
