nan nan nan 0.000000000000000000e+00 0.000000000000000000e+00 0.000000000000000000e+00 nan nan nan nan nan nan nan nan nan nan nan nan nan nan nan nan nan nan nan nan nan nan
nan nan 0.000000000000000000e+00 0.000000000000000000e+00 0.000000000000000000e+00 0.000000000000000000e+00 0.000000000000000000e+00 nan nan nan nan nan nan nan nan nan nan nan nan nan nan nan nan nan nan nan nan nan
nan nan 0.000000000000000000e+00 0.000000000000000000e+00 0.000000000000000000e+00 0.000000000000000000e+00 0.000000000000000000e+00 2.306349206349206458e-03 nan nan nan nan nan nan nan nan nan nan nan nan nan nan nan nan nan nan nan nan
nan 0.000000000000000000e+00 0.000000000000000000e+00 0.000000000000000000e+00 0.000000000000000000e+00 0.000000000000000000e+00 0.000000000000000000e+00 0.000000000000000000e+00 5.419047619047618475e-03 nan nan nan nan nan nan nan nan nan nan nan nan nan nan nan nan nan nan nan
0.000000000000000000e+00 0.000000000000000000e+00 0.000000000000000000e+00 0.000000000000000000e+00 0.000000000000000000e+00 0.000000000000000000e+00 0.000000000000000000e+00 0.000000000000000000e+00 4.334920634920635084e-03 2.903650793650793260e-01 nan nan nan nan nan nan nan nan nan nan nan nan nan nan nan nan nan nan
0.000000000000000000e+00 0.000000000000000000e+00 0.000000000000000000e+00 0.000000000000000000e+00 0.000000000000000000e+00 0.000000000000000000e+00 0.000000000000000000e+00 0.000000000000000000e+00 3.604920634920634470e-02 9.757714285714286229e-02 nan nan nan nan nan nan nan nan nan nan nan nan nan nan nan nan nan nan
0.000000000000000000e+00 0.000000000000000000e+00 0.000000000000000000e+00 0.000000000000000000e+00 0.000000000000000000e+00 0.000000000000000000e+00 0.000000000000000000e+00 0.000000000000000000e+00 7.919206349206348028e-02 nan nan nan nan nan nan nan nan nan nan nan nan nan nan nan nan nan nan nan
0.000000000000000000e+00 0.000000000000000000e+00 0.000000000000000000e+00 0.000000000000000000e+00 0.000000000000000000e+00 0.000000000000000000e+00 0.000000000000000000e+00 5.074603174603173512e-03 6.259206349206349052e-02 nan nan nan nan nan nan nan nan nan nan nan nan nan nan nan nan nan nan nan
nan 0.000000000000000000e+00 0.000000000000000000e+00 0.000000000000000000e+00 0.000000000000000000e+00 0.000000000000000000e+00 0.000000000000000000e+00 6.403015873015872883e-02 2.004571428571428615e-01 4.167489795918367657e-01 nan nan nan nan nan nan nan nan nan nan nan nan nan nan nan nan nan nan
nan 0.000000000000000000e+00 0.000000000000000000e+00 0.000000000000000000e+00 0.000000000000000000e+00 0.000000000000000000e+00 0.000000000000000000e+00 1.010952380952381130e-02 1.028206349206349235e-01 3.146888888888889069e-01 nan nan nan nan nan nan nan nan nan nan nan nan nan nan nan nan nan nan
nan 0.000000000000000000e+00 0.000000000000000000e+00 0.000000000000000000e+00 0.000000000000000000e+00 0.000000000000000000e+00 0.000000000000000000e+00 6.049206349206348414e-03 1.903174603174603245e-03 1.030777777777777682e-01 nan nan nan nan nan nan nan nan nan nan nan nan nan nan nan nan nan nan
nan nan 0.000000000000000000e+00 0.000000000000000000e+00 0.000000000000000000e+00 0.000000000000000000e+00 0.000000000000000000e+00 1.639650793650794247e-01 1.920365079365079497e-01 2.277174603174603462e-01 nan nan nan nan nan nan nan nan nan nan nan nan nan nan nan nan nan nan
nan nan 0.000000000000000000e+00 0.000000000000000000e+00 0.000000000000000000e+00 2.635714285714285329e-02 0.000000000000000000e+00 6.846190476190476548e-02 1.379285714285714282e-01 8.583214285714285685e-02 nan nan nan nan nan nan nan nan nan nan nan nan nan nan nan nan nan nan
nan nan nan nan nan nan 0.000000000000000000e+00 0.000000000000000000e+00 2.035079365079365057e-02 6.101785714285714972e-03 nan nan nan nan nan nan nan nan nan nan nan nan nan nan nan nan nan nan
nan nan nan nan nan 7.911111111111111815e-03 0.000000000000000000e+00 0.000000000000000000e+00 1.652857142857143066e-02 1.166349206349206469e-01 2.525000000000000022e-01 nan nan nan nan nan nan nan nan nan nan nan nan nan nan nan nan nan
nan nan nan nan nan 0.000000000000000000e+00 0.000000000000000000e+00 0.000000000000000000e+00 6.650793650793650202e-02 2.534333333333332883e-01 4.204755102040816372e-01 nan nan nan nan nan nan nan nan nan nan nan nan nan nan nan nan nan
nan nan nan nan nan 0.000000000000000000e+00 0.000000000000000000e+00 0.000000000000000000e+00 1.503587301587301917e-01 4.625412698412699197e-01 5.487063492063491976e-01 6.751489795918367287e-01 6.783400000000000540e-01 8.034771428571428897e-01 nan 9.231285714285714095e-01 nan nan nan nan nan nan nan nan nan nan nan nan
nan nan nan nan 0.000000000000000000e+00 0.000000000000000000e+00 0.000000000000000000e+00 0.000000000000000000e+00 1.008222222222222020e-01 5.018809523809525386e-01 6.339380952380951895e-01 6.942396825396826010e-01 6.344936507936508319e-01 5.581095238095238331e-01 7.414553571428571521e-01 nan nan nan nan nan nan nan nan nan nan nan nan nan
nan nan nan nan nan 0.000000000000000000e+00 0.000000000000000000e+00 0.000000000000000000e+00 7.028571428571428296e-03 1.459063492063492340e-01 3.578015873015873427e-01 5.482952380952381688e-01 6.935047619047619571e-01 7.071650793650793299e-01 7.564968253968253897e-01 9.117333333333332845e-01 nan nan nan nan nan nan nan nan nan nan nan nan
nan nan nan nan nan nan 0.000000000000000000e+00 0.000000000000000000e+00 0.000000000000000000e+00 0.000000000000000000e+00 6.693015873015872863e-02 2.814523809523809539e-01 5.908761904761905548e-01 7.489142857142857546e-01 7.895761904761906536e-01 8.273746031746029850e-01 8.551714285714285824e-01 9.379047619047617967e-01 9.815457142857144657e-01 nan nan nan nan nan nan nan nan nan
nan nan nan nan nan nan nan 0.000000000000000000e+00 0.000000000000000000e+00 0.000000000000000000e+00 1.266031746031746029e-02 2.108984126984127239e-01 5.013412698412698099e-01 6.486365079365080666e-01 7.214285714285715301e-01 7.524190476190477650e-01 8.539285714285714812e-01 9.066698412698411813e-01 9.427476190476191675e-01 8.271857142857144130e-01 9.815500000000001446e-01 9.970857142857143529e-01 nan nan nan nan nan nan
nan nan nan nan nan nan nan 0.000000000000000000e+00 0.000000000000000000e+00 0.000000000000000000e+00 0.000000000000000000e+00 7.317936507936508017e-02 2.690492063492063712e-01 3.589222222222221426e-01 4.845174603174603467e-01 6.342190476190476822e-01 7.760380952380949715e-01 8.808206349206350039e-01 8.783777777777777018e-01 8.641761904761905422e-01 9.212777777777779731e-01 9.678238095238094196e-01 9.789160714285712883e-01 9.334714285714285076e-01 nan nan nan nan
nan nan nan nan nan nan nan nan 0.000000000000000000e+00 0.000000000000000000e+00 1.687301587301587346e-03 2.526666666666666991e-02 1.919174603174603477e-01 2.882873015873015365e-01 3.209365079365079643e-01 4.307396825396825890e-01 6.776634920634920789e-01 8.018285714285714461e-01 8.649031746031746737e-01 8.844920634920634406e-01 8.892650793650794805e-01 9.383507936507937686e-01 9.510031746031745170e-01 8.388857142857143456e-01 nan 9.438346938775510342e-01 9.209839285714285229e-01 nan
nan nan nan nan nan nan nan nan nan 0.000000000000000000e+00 0.000000000000000000e+00 0.000000000000000000e+00 1.990476190476190427e-02 1.127571428571428613e-01 1.723317460317460303e-01 2.537825396825396651e-01 4.770873015873015599e-01 7.099333333333333051e-01 8.344253968253968479e-01 8.591666666666667451e-01 9.023079365079363923e-01 9.100888888888889472e-01 8.493999999999999329e-01 6.590539682539682254e-01 6.904367346938775629e-01 9.155839285714286735e-01 9.631587301587302141e-01 nan
nan nan nan nan nan nan nan nan nan nan 0.000000000000000000e+00 0.000000000000000000e+00 0.000000000000000000e+00 0.000000000000000000e+00 3.569365079365079824e-02 6.623492063492063264e-02 1.939047619047618853e-01 4.415523809523809184e-01 6.866444444444443906e-01 7.644380952380953609e-01 8.614222222222219782e-01 8.621682539682540281e-01 8.469492063492063405e-01 8.563587301587302081e-01 9.252396825396825841e-01 9.690571428571428392e-01 9.834746031746032235e-01 nan
nan nan nan nan nan nan nan nan nan nan nan nan 0.000000000000000000e+00 0.000000000000000000e+00 0.000000000000000000e+00 0.000000000000000000e+00 9.255555555555555064e-03 9.686825396825396450e-02 2.557079365079364397e-01 5.194777777777778160e-01 6.919365079365080717e-01 8.269396825396826411e-01 8.563968253968253785e-01 9.096952380952382233e-01 9.478253968253969042e-01 9.785619047619047439e-01 9.898142857142857576e-01 nan
nan nan nan nan nan nan nan nan nan nan nan nan nan 0.000000000000000000e+00 0.000000000000000000e+00 0.000000000000000000e+00 0.000000000000000000e+00 0.000000000000000000e+00 5.746031746031746330e-03 4.716984126984126446e-02 1.835619047619047595e-01 6.188142857142856501e-01 8.762714285714287010e-01 9.386015873015872701e-01 9.621603174603176045e-01 9.827349206349207389e-01 9.853142857142858091e-01 nan
nan nan nan nan nan nan nan nan nan nan nan nan nan nan nan 0.000000000000000000e+00 0.000000000000000000e+00 0.000000000000000000e+00 0.000000000000000000e+00 0.000000000000000000e+00 0.000000000000000000e+00 1.056873015873016075e-01 7.141253968253968853e-01 9.401333333333334874e-01 9.687714285714287277e-01 9.640174603174602730e-01 9.733936507936508109e-01 nan
nan nan nan nan nan nan nan nan nan nan nan nan nan nan nan nan nan 0.000000000000000000e+00 0.000000000000000000e+00 0.000000000000000000e+00 0.000000000000000000e+00 1.519107142857143052e-02 5.188875000000000570e-01 9.186873015873014969e-01 9.661142857142855922e-01 9.596650793650793876e-01 9.438380952380953648e-01 nan
nan nan nan nan nan nan nan nan nan nan nan nan nan nan nan nan nan nan nan nan 6.768000000000000405e-02 nan nan 7.952571428571428847e-01 9.423523809523811634e-01 9.855857142857143982e-01 nan nan
