nan nan nan 0.000000000000000000e+00 0.000000000000000000e+00 0.000000000000000000e+00 nan nan nan nan nan nan nan nan nan nan nan nan nan nan nan nan nan nan nan nan nan nan
nan nan 0.000000000000000000e+00 0.000000000000000000e+00 0.000000000000000000e+00 0.000000000000000000e+00 0.000000000000000000e+00 nan nan nan nan nan nan nan nan nan nan nan nan nan nan nan nan nan nan nan nan nan
nan nan 0.000000000000000000e+00 0.000000000000000000e+00 0.000000000000000000e+00 0.000000000000000000e+00 0.000000000000000000e+00 0.000000000000000000e+00 nan nan nan nan nan nan nan nan nan nan nan nan nan nan nan nan nan nan nan nan
nan 0.000000000000000000e+00 0.000000000000000000e+00 0.000000000000000000e+00 0.000000000000000000e+00 0.000000000000000000e+00 0.000000000000000000e+00 0.000000000000000000e+00 0.000000000000000000e+00 nan nan nan nan nan nan nan nan nan nan nan nan nan nan nan nan nan nan nan
0.000000000000000000e+00 0.000000000000000000e+00 0.000000000000000000e+00 0.000000000000000000e+00 0.000000000000000000e+00 0.000000000000000000e+00 0.000000000000000000e+00 0.000000000000000000e+00 0.000000000000000000e+00 3.396825396825396779e-03 nan nan nan nan nan nan nan nan nan nan nan nan nan nan nan nan nan nan
0.000000000000000000e+00 0.000000000000000000e+00 0.000000000000000000e+00 0.000000000000000000e+00 0.000000000000000000e+00 0.000000000000000000e+00 0.000000000000000000e+00 0.000000000000000000e+00 0.000000000000000000e+00 2.557142857142856787e-03 nan nan nan nan nan nan nan nan nan nan nan nan nan nan nan nan nan nan
0.000000000000000000e+00 0.000000000000000000e+00 0.000000000000000000e+00 0.000000000000000000e+00 0.000000000000000000e+00 0.000000000000000000e+00 0.000000000000000000e+00 0.000000000000000000e+00 0.000000000000000000e+00 nan nan nan nan nan nan nan nan nan nan nan nan nan nan nan nan nan nan nan
0.000000000000000000e+00 0.000000000000000000e+00 0.000000000000000000e+00 0.000000000000000000e+00 0.000000000000000000e+00 0.000000000000000000e+00 0.000000000000000000e+00 0.000000000000000000e+00 0.000000000000000000e+00 nan nan nan nan nan nan nan nan nan nan nan nan nan nan nan nan nan nan nan
nan 0.000000000000000000e+00 0.000000000000000000e+00 0.000000000000000000e+00 0.000000000000000000e+00 0.000000000000000000e+00 0.000000000000000000e+00 0.000000000000000000e+00 0.000000000000000000e+00 3.069387755102041034e-03 nan nan nan nan nan nan nan nan nan nan nan nan nan nan nan nan nan nan
nan 0.000000000000000000e+00 0.000000000000000000e+00 0.000000000000000000e+00 0.000000000000000000e+00 0.000000000000000000e+00 0.000000000000000000e+00 0.000000000000000000e+00 0.000000000000000000e+00 1.668253968253968289e-03 nan nan nan nan nan nan nan nan nan nan nan nan nan nan nan nan nan nan
nan 0.000000000000000000e+00 0.000000000000000000e+00 0.000000000000000000e+00 0.000000000000000000e+00 0.000000000000000000e+00 0.000000000000000000e+00 0.000000000000000000e+00 0.000000000000000000e+00 0.000000000000000000e+00 nan nan nan nan nan nan nan nan nan nan nan nan nan nan nan nan nan nan
nan nan 0.000000000000000000e+00 0.000000000000000000e+00 0.000000000000000000e+00 0.000000000000000000e+00 0.000000000000000000e+00 0.000000000000000000e+00 0.000000000000000000e+00 2.137777777777778027e-02 nan nan nan nan nan nan nan nan nan nan nan nan nan nan nan nan nan nan
nan nan 0.000000000000000000e+00 0.000000000000000000e+00 0.000000000000000000e+00 2.665714285714285495e-02 0.000000000000000000e+00 0.000000000000000000e+00 3.748412698412698085e-02 1.917964285714285899e-01 nan nan nan nan nan nan nan nan nan nan nan nan nan nan nan nan nan nan
nan nan nan nan nan nan 0.000000000000000000e+00 0.000000000000000000e+00 4.813174603174602550e-02 4.069767857142856937e-01 nan nan nan nan nan nan nan nan nan nan nan nan nan nan nan nan nan nan
nan nan nan nan nan 9.295238095238095993e-03 0.000000000000000000e+00 0.000000000000000000e+00 6.241904761904762400e-02 4.340857142857142970e-01 6.187785714285715111e-01 nan nan nan nan nan nan nan nan nan nan nan nan nan nan nan nan nan
nan nan nan nan nan 0.000000000000000000e+00 0.000000000000000000e+00 0.000000000000000000e+00 1.802857142857142714e-01 5.146095238095237390e-01 5.562551020408164071e-01 nan nan nan nan nan nan nan nan nan nan nan nan nan nan nan nan nan
nan nan nan nan nan 0.000000000000000000e+00 0.000000000000000000e+00 0.000000000000000000e+00 2.291761904761905333e-01 5.666873015873015174e-01 6.238349206349206311e-01 6.830571428571429182e-01 6.986085714285714676e-01 9.454714285714286293e-01 nan 9.781285714285714583e-01 nan nan nan nan nan nan nan nan nan nan nan nan
nan nan nan nan 0.000000000000000000e+00 0.000000000000000000e+00 0.000000000000000000e+00 0.000000000000000000e+00 5.671428571428571708e-02 3.610412698412697741e-01 6.287714285714287588e-01 7.635412698412697985e-01 7.593873015873016108e-01 8.925158730158730958e-01 9.680500000000000771e-01 nan nan nan nan nan nan nan nan nan nan nan nan nan
nan nan nan nan nan 0.000000000000000000e+00 0.000000000000000000e+00 0.000000000000000000e+00 0.000000000000000000e+00 5.835555555555556329e-02 3.382777777777777328e-01 6.978761904761906498e-01 8.242063492063492758e-01 8.792349206349205915e-01 9.317825396825398787e-01 9.676761904761904676e-01 nan nan nan nan nan nan nan nan nan nan nan nan
nan nan nan nan nan nan 0.000000000000000000e+00 0.000000000000000000e+00 0.000000000000000000e+00 0.000000000000000000e+00 2.503904761904762188e-01 5.983444444444445676e-01 7.028857142857141138e-01 7.700603174603173340e-01 8.190904761904761466e-01 8.604603174603175919e-01 8.797547619047618728e-01 9.724047619047617719e-01 9.939971428571428014e-01 nan nan nan nan nan nan nan nan nan
nan nan nan nan nan nan nan 0.000000000000000000e+00 0.000000000000000000e+00 0.000000000000000000e+00 9.451587301587302536e-02 3.088777777777778066e-01 5.031984126984128114e-01 5.750349206349206765e-01 7.342698412698411836e-01 7.672492063492063474e-01 8.464031746031747128e-01 8.943984126984126926e-01 9.681285714285714494e-01 9.626535714285714418e-01 9.836523809523809447e-01 9.859178571428571791e-01 nan nan nan nan nan nan
nan nan nan nan nan nan nan 0.000000000000000000e+00 0.000000000000000000e+00 0.000000000000000000e+00 2.517619047619047701e-02 1.227587301587301505e-01 2.853730158730158895e-01 3.362539682539682495e-01 5.054809523809523641e-01 6.822793650793650411e-01 7.379365079365078905e-01 8.210571428571430408e-01 9.013603174603173063e-01 9.393460317460318176e-01 9.650126984126985441e-01 9.736682539682539606e-01 9.667196428571430689e-01 8.992571428571429770e-01 nan nan nan nan
nan nan nan nan nan nan nan nan 0.000000000000000000e+00 0.000000000000000000e+00 0.000000000000000000e+00 1.582539682539682536e-03 4.673968253968253939e-02 1.462380952380952226e-01 2.448031746031746059e-01 5.067523809523809541e-01 5.679777777777778036e-01 7.419714285714286151e-01 8.485301587301588011e-01 8.889000000000001345e-01 9.107698412698412849e-01 9.541619047619047667e-01 9.161285714285714032e-01 7.702836734693879750e-01 nan 9.246857142857142220e-01 8.974446428571427603e-01 nan
nan nan nan nan nan nan nan nan nan 0.000000000000000000e+00 0.000000000000000000e+00 0.000000000000000000e+00 0.000000000000000000e+00 0.000000000000000000e+00 3.966666666666666952e-03 1.670206349206349028e-01 2.159365079365079265e-01 5.883380952380953266e-01 8.161492063492065130e-01 8.481301587301587341e-01 8.633904761904761527e-01 8.861349206349206087e-01 7.373587301587301024e-01 5.192873015873016307e-01 6.766163265306122110e-01 8.442285714285714393e-01 9.076015873015873536e-01 nan
nan nan nan nan nan nan nan nan nan nan 0.000000000000000000e+00 0.000000000000000000e+00 0.000000000000000000e+00 0.000000000000000000e+00 0.000000000000000000e+00 0.000000000000000000e+00 1.628571428571428661e-03 1.855285714285714593e-01 4.740031746031746485e-01 5.740460317460316375e-01 7.564507936507937069e-01 8.152523809523808396e-01 7.403349206349207901e-01 7.896682539682541302e-01 8.922476190476191782e-01 9.330555555555555269e-01 9.621746031746033490e-01 nan
nan nan nan nan nan nan nan nan nan nan nan nan 0.000000000000000000e+00 0.000000000000000000e+00 0.000000000000000000e+00 0.000000000000000000e+00 0.000000000000000000e+00 0.000000000000000000e+00 2.965873015873015522e-02 8.400476190476190153e-02 3.337190476190475819e-01 7.726984126984127732e-01 8.688698412698411255e-01 8.963285714285713635e-01 9.259222222222223131e-01 9.547857142857144597e-01 9.721793650793649766e-01 nan
nan nan nan nan nan nan nan nan nan nan nan nan nan 0.000000000000000000e+00 0.000000000000000000e+00 0.000000000000000000e+00 0.000000000000000000e+00 0.000000000000000000e+00 0.000000000000000000e+00 0.000000000000000000e+00 5.341428571428571970e-02 5.245142857142858217e-01 8.580873015873016207e-01 9.244142857142857439e-01 9.451825396825396242e-01 9.558523809523811199e-01 9.657936507936507597e-01 nan
nan nan nan nan nan nan nan nan nan nan nan nan nan nan nan 0.000000000000000000e+00 0.000000000000000000e+00 0.000000000000000000e+00 0.000000000000000000e+00 0.000000000000000000e+00 1.550793650793650703e-03 1.219793650793650763e-01 5.754412698412696425e-01 8.894285714285713462e-01 9.469603174603173912e-01 9.514746031746031951e-01 9.538269841269840787e-01 nan
nan nan nan nan nan nan nan nan nan nan nan nan nan nan nan nan nan 0.000000000000000000e+00 0.000000000000000000e+00 0.000000000000000000e+00 0.000000000000000000e+00 1.666250000000000370e-02 2.255500000000000005e-01 6.871523809523810700e-01 9.378460317460318718e-01 9.630920634920634438e-01 9.681126984126984247e-01 nan
nan nan nan nan nan nan nan nan nan nan nan nan nan nan nan nan nan nan nan nan 6.087428571428571411e-02 nan nan 4.053428571428570604e-01 8.402412698412697889e-01 9.722968253968253816e-01 nan nan
