nan nan nan 0.000000000000000000e+00 0.000000000000000000e+00 0.000000000000000000e+00 nan nan nan nan nan nan nan nan nan nan nan nan nan nan nan nan nan nan nan nan nan nan
nan nan 0.000000000000000000e+00 0.000000000000000000e+00 0.000000000000000000e+00 0.000000000000000000e+00 0.000000000000000000e+00 nan nan nan nan nan nan nan nan nan nan nan nan nan nan nan nan nan nan nan nan nan
nan nan 0.000000000000000000e+00 0.000000000000000000e+00 0.000000000000000000e+00 0.000000000000000000e+00 0.000000000000000000e+00 0.000000000000000000e+00 nan nan nan nan nan nan nan nan nan nan nan nan nan nan nan nan nan nan nan nan
nan 0.000000000000000000e+00 0.000000000000000000e+00 0.000000000000000000e+00 0.000000000000000000e+00 0.000000000000000000e+00 0.000000000000000000e+00 0.000000000000000000e+00 0.000000000000000000e+00 nan nan nan nan nan nan nan nan nan nan nan nan nan nan nan nan nan nan nan
0.000000000000000000e+00 0.000000000000000000e+00 0.000000000000000000e+00 0.000000000000000000e+00 0.000000000000000000e+00 0.000000000000000000e+00 0.000000000000000000e+00 0.000000000000000000e+00 0.000000000000000000e+00 5.270740509033203236e-02 nan nan nan nan nan nan nan nan nan nan nan nan nan nan nan nan nan nan
0.000000000000000000e+00 0.000000000000000000e+00 0.000000000000000000e+00 0.000000000000000000e+00 0.000000000000000000e+00 0.000000000000000000e+00 0.000000000000000000e+00 0.000000000000000000e+00 8.114222526550292358e-02 1.513519954681396551e-01 nan nan nan nan nan nan nan nan nan nan nan nan nan nan nan nan nan nan
0.000000000000000000e+00 0.000000000000000000e+00 0.000000000000000000e+00 0.000000000000000000e+00 0.000000000000000000e+00 0.000000000000000000e+00 0.000000000000000000e+00 1.685185134410858163e-03 3.218177795410156472e-01 nan nan nan nan nan nan nan nan nan nan nan nan nan nan nan nan nan nan nan
0.000000000000000000e+00 0.000000000000000000e+00 0.000000000000000000e+00 0.000000000000000000e+00 0.000000000000000000e+00 0.000000000000000000e+00 0.000000000000000000e+00 2.901777744293213002e-02 5.428844451904296653e-01 nan nan nan nan nan nan nan nan nan nan nan nan nan nan nan nan nan nan nan
nan 0.000000000000000000e+00 0.000000000000000000e+00 0.000000000000000000e+00 0.000000000000000000e+00 0.000000000000000000e+00 0.000000000000000000e+00 9.054222106933593195e-02 7.110962677001952947e-01 8.738590240478515403e-01 nan nan nan nan nan nan nan nan nan nan nan nan nan nan nan nan nan nan
nan 0.000000000000000000e+00 0.000000000000000000e+00 0.000000000000000000e+00 0.000000000000000000e+00 0.000000000000000000e+00 9.637036919593810688e-04 5.045481681823730385e-02 5.241192626953125044e-01 8.897288513183593262e-01 nan nan nan nan nan nan nan nan nan nan nan nan nan nan nan nan nan nan
nan 0.000000000000000000e+00 0.000000000000000000e+00 0.000000000000000000e+00 0.000000000000000000e+00 0.000000000000000000e+00 6.955555826425552325e-04 1.434799957275390558e-01 5.270792770385742676e-01 9.052755737304687411e-01 nan nan nan nan nan nan nan nan nan nan nan nan nan nan nan nan nan nan
nan nan 0.000000000000000000e+00 0.000000000000000000e+00 0.000000000000000000e+00 0.000000000000000000e+00 0.000000000000000000e+00 1.598229598999023338e-01 7.331355285644530762e-01 9.728081512451172141e-01 nan nan nan nan nan nan nan nan nan nan nan nan nan nan nan nan nan nan
nan nan 0.000000000000000000e+00 0.000000000000000000e+00 0.000000000000000000e+00 2.946666717529296958e-02 0.000000000000000000e+00 9.178889274597168413e-02 6.755622100830077637e-01 9.550091552734375488e-01 nan nan nan nan nan nan nan nan nan nan nan nan nan nan nan nan nan nan
nan nan nan nan nan nan 0.000000000000000000e+00 2.405185222625732394e-02 3.498785018920898549e-01 8.600125122070312322e-01 nan nan nan nan nan nan nan nan nan nan nan nan nan nan nan nan nan nan
nan nan nan nan nan 4.520740807056427418e-03 0.000000000000000000e+00 0.000000000000000000e+00 1.223029613494873019e-01 7.352266693115234730e-01 9.022166442871093484e-01 nan nan nan nan nan nan nan nan nan nan nan nan nan nan nan nan nan
nan nan nan nan nan 0.000000000000000000e+00 0.000000000000000000e+00 0.000000000000000000e+00 1.581333279609680245e-02 4.570977783203125089e-01 8.222123718261719061e-01 nan nan nan nan nan nan nan nan nan nan nan nan nan nan nan nan nan
nan nan nan nan nan 0.000000000000000000e+00 0.000000000000000000e+00 0.000000000000000000e+00 0.000000000000000000e+00 1.292548179626464844e-01 6.205696105957031472e-01 8.360266876220703303e-01 9.624266815185547053e-01 9.764959716796874911e-01 nan 9.547200012207031072e-01 nan nan nan nan nan nan nan nan nan nan nan nan
nan nan nan nan 0.000000000000000000e+00 0.000000000000000000e+00 0.000000000000000000e+00 0.000000000000000000e+00 0.000000000000000000e+00 3.556296229362487793e-03 1.123881435394287059e-01 3.200377655029296720e-01 7.244570159912109286e-01 9.438992309570312100e-01 9.433633422851562811e-01 nan nan nan nan nan nan nan nan nan nan nan nan nan
nan nan nan nan nan 0.000000000000000000e+00 0.000000000000000000e+00 0.000000000000000000e+00 0.000000000000000000e+00 0.000000000000000000e+00 0.000000000000000000e+00 1.094148159027099644e-02 1.932022285461425792e-01 5.824770355224608842e-01 8.217570495605468484e-01 7.964966583251953391e-01 nan nan nan nan nan nan nan nan nan nan nan nan
nan nan nan nan nan nan 0.000000000000000000e+00 0.000000000000000000e+00 0.000000000000000000e+00 0.000000000000000000e+00 0.000000000000000000e+00 0.000000000000000000e+00 2.342222183942794730e-03 1.192925930023193415e-01 4.380970382690429488e-01 7.718970489501952859e-01 8.121377563476562811e-01 8.457355499267578125e-01 9.276813507080078347e-01 nan nan nan nan nan nan nan nan nan
nan nan nan nan nan nan nan 0.000000000000000000e+00 0.000000000000000000e+00 0.000000000000000000e+00 0.000000000000000000e+00 0.000000000000000000e+00 0.000000000000000000e+00 1.911111176013946533e-03 7.328222274780273049e-02 4.824903869628906494e-01 8.761229705810547053e-01 8.675940704345702637e-01 9.522333526611328480e-01 9.598666381835937456e-01 9.421166992187499645e-01 9.549683380126953169e-01 nan nan nan nan nan nan
nan nan nan nan nan nan nan 0.000000000000000000e+00 0.000000000000000000e+00 0.000000000000000000e+00 0.000000000000000000e+00 0.000000000000000000e+00 0.000000000000000000e+00 0.000000000000000000e+00 1.499259322881698556e-03 8.037481307983398993e-02 5.798029708862304510e-01 8.902022552490234109e-01 9.189407348632812056e-01 9.546170043945312322e-01 9.710555267333984553e-01 9.298666381835937189e-01 9.330341339111327681e-01 8.967666625976562500e-01 nan nan nan nan
nan nan nan nan nan nan nan nan 0.000000000000000000e+00 0.000000000000000000e+00 0.000000000000000000e+00 0.000000000000000000e+00 0.000000000000000000e+00 0.000000000000000000e+00 0.000000000000000000e+00 3.068148195743560826e-03 2.192711067199707153e-01 6.573889160156249911e-01 8.927162933349609419e-01 9.299288940429687456e-01 9.476362609863281383e-01 9.518785095214843395e-01 9.472666931152343706e-01 9.157314300537109375e-01 nan 9.626723480224609331e-01 9.188249969482421564e-01 nan
nan nan nan nan nan nan nan nan nan 0.000000000000000000e+00 0.000000000000000000e+00 0.000000000000000000e+00 0.000000000000000000e+00 0.000000000000000000e+00 0.000000000000000000e+00 0.000000000000000000e+00 4.286370277404785017e-02 2.767644500732421853e-01 5.783748245239257457e-01 8.403199768066406117e-01 9.329659271240234863e-01 9.455326080322266069e-01 9.454874420166015092e-01 8.850407409667968572e-01 7.882533264160156428e-01 9.008450317382812322e-01 9.235125732421874956e-01 nan
nan nan nan nan nan nan nan nan nan nan 0.000000000000000000e+00 0.000000000000000000e+00 0.000000000000000000e+00 0.000000000000000000e+00 0.000000000000000000e+00 0.000000000000000000e+00 5.565184950828552107e-03 5.981037139892578236e-02 2.169355583190918091e-01 4.237422180175781095e-01 7.254407501220703214e-01 9.043962860107421786e-01 9.231133270263671697e-01 9.037200164794921831e-01 9.132133483886718528e-01 9.303696441650390891e-01 9.363658905029297319e-01 nan
nan nan nan nan nan nan nan nan nan nan nan nan 0.000000000000000000e+00 0.000000000000000000e+00 0.000000000000000000e+00 0.000000000000000000e+00 0.000000000000000000e+00 1.296296268701553362e-03 9.964444637298584817e-03 6.332074165344238337e-02 2.264333343505859353e-01 6.298629760742187056e-01 8.109355926513671653e-01 9.046755218505859730e-01 9.134807586669921875e-01 9.172036743164062589e-01 9.165621948242187456e-01 nan
nan nan nan nan nan nan nan nan nan nan nan nan nan 0.000000000000000000e+00 0.000000000000000000e+00 0.000000000000000000e+00 0.000000000000000000e+00 0.000000000000000000e+00 0.000000000000000000e+00 0.000000000000000000e+00 4.466666579246520753e-03 1.561548137664794944e-01 3.127844429016113370e-01 7.128273773193359863e-01 9.060762786865234064e-01 9.074429321289062544e-01 9.144563293457030895e-01 nan
nan nan nan nan nan nan nan nan nan nan nan nan nan nan nan 0.000000000000000000e+00 0.000000000000000000e+00 0.000000000000000000e+00 0.000000000000000000e+00 0.000000000000000000e+00 1.074074059724807731e-03 6.625185012817383021e-03 5.893555641174316739e-02 4.775918579101562367e-01 8.871866607666015758e-01 9.088385009765624911e-01 9.077414703369141025e-01 nan
nan nan nan nan nan nan nan nan nan nan nan nan nan nan nan nan nan 0.000000000000000000e+00 0.000000000000000000e+00 3.440148115158080805e-02 1.077970409393310541e-01 1.004224967956542924e-01 4.996916770935058705e-02 2.493548202514648537e-01 6.496244812011718883e-01 9.159636688232422053e-01 9.183281707763671919e-01 nan
nan nan nan nan nan nan nan nan nan nan nan nan nan nan nan nan nan nan nan nan 3.865173339843749889e-01 nan nan 1.109266662597656189e-01 4.736607360839844016e-01 8.972415161132812900e-01 nan nan
