nan nan nan 0.000000000000000000e+00 0.000000000000000000e+00 0.000000000000000000e+00 nan nan nan nan nan nan nan nan nan nan nan nan nan nan nan nan nan nan nan nan nan nan
nan nan 0.000000000000000000e+00 0.000000000000000000e+00 0.000000000000000000e+00 0.000000000000000000e+00 0.000000000000000000e+00 nan nan nan nan nan nan nan nan nan nan nan nan nan nan nan nan nan nan nan nan nan
nan nan 0.000000000000000000e+00 0.000000000000000000e+00 0.000000000000000000e+00 0.000000000000000000e+00 0.000000000000000000e+00 0.000000000000000000e+00 nan nan nan nan nan nan nan nan nan nan nan nan nan nan nan nan nan nan nan nan
nan 0.000000000000000000e+00 0.000000000000000000e+00 0.000000000000000000e+00 0.000000000000000000e+00 0.000000000000000000e+00 0.000000000000000000e+00 0.000000000000000000e+00 0.000000000000000000e+00 nan nan nan nan nan nan nan nan nan nan nan nan nan nan nan nan nan nan nan
0.000000000000000000e+00 0.000000000000000000e+00 0.000000000000000000e+00 0.000000000000000000e+00 0.000000000000000000e+00 0.000000000000000000e+00 0.000000000000000000e+00 0.000000000000000000e+00 0.000000000000000000e+00 4.285714285714285060e-03 nan nan nan nan nan nan nan nan nan nan nan nan nan nan nan nan nan nan
0.000000000000000000e+00 0.000000000000000000e+00 0.000000000000000000e+00 0.000000000000000000e+00 0.000000000000000000e+00 0.000000000000000000e+00 0.000000000000000000e+00 0.000000000000000000e+00 0.000000000000000000e+00 2.488571428571428965e-03 nan nan nan nan nan nan nan nan nan nan nan nan nan nan nan nan nan nan
0.000000000000000000e+00 0.000000000000000000e+00 0.000000000000000000e+00 0.000000000000000000e+00 0.000000000000000000e+00 0.000000000000000000e+00 0.000000000000000000e+00 0.000000000000000000e+00 0.000000000000000000e+00 nan nan nan nan nan nan nan nan nan nan nan nan nan nan nan nan nan nan nan
0.000000000000000000e+00 0.000000000000000000e+00 0.000000000000000000e+00 0.000000000000000000e+00 0.000000000000000000e+00 0.000000000000000000e+00 0.000000000000000000e+00 0.000000000000000000e+00 0.000000000000000000e+00 nan nan nan nan nan nan nan nan nan nan nan nan nan nan nan nan nan nan nan
nan 0.000000000000000000e+00 0.000000000000000000e+00 0.000000000000000000e+00 0.000000000000000000e+00 0.000000000000000000e+00 0.000000000000000000e+00 0.000000000000000000e+00 0.000000000000000000e+00 9.183673469387755985e-05 nan nan nan nan nan nan nan nan nan nan nan nan nan nan nan nan nan nan
nan 0.000000000000000000e+00 0.000000000000000000e+00 0.000000000000000000e+00 0.000000000000000000e+00 0.000000000000000000e+00 0.000000000000000000e+00 0.000000000000000000e+00 0.000000000000000000e+00 0.000000000000000000e+00 nan nan nan nan nan nan nan nan nan nan nan nan nan nan nan nan nan nan
nan 0.000000000000000000e+00 0.000000000000000000e+00 0.000000000000000000e+00 0.000000000000000000e+00 0.000000000000000000e+00 0.000000000000000000e+00 0.000000000000000000e+00 0.000000000000000000e+00 6.682539682539682252e-03 nan nan nan nan nan nan nan nan nan nan nan nan nan nan nan nan nan nan
nan nan 0.000000000000000000e+00 0.000000000000000000e+00 0.000000000000000000e+00 0.000000000000000000e+00 0.000000000000000000e+00 0.000000000000000000e+00 7.479365079365078717e-03 2.431999999999999995e-01 nan nan nan nan nan nan nan nan nan nan nan nan nan nan nan nan nan nan
nan nan 0.000000000000000000e+00 0.000000000000000000e+00 7.045238095238096597e-03 2.871714285714285775e-02 0.000000000000000000e+00 0.000000000000000000e+00 3.613333333333333675e-02 3.300589285714286003e-01 nan nan nan nan nan nan nan nan nan nan nan nan nan nan nan nan nan nan
nan nan nan nan nan nan 0.000000000000000000e+00 0.000000000000000000e+00 4.228571428571428759e-02 2.440410714285713989e-01 nan nan nan nan nan nan nan nan nan nan nan nan nan nan nan nan nan nan
nan nan nan nan nan 7.439682539682539522e-03 0.000000000000000000e+00 0.000000000000000000e+00 2.048253968253968549e-02 2.374904761904761963e-01 5.018071428571428960e-01 nan nan nan nan nan nan nan nan nan nan nan nan nan nan nan nan nan
nan nan nan nan nan 0.000000000000000000e+00 0.000000000000000000e+00 0.000000000000000000e+00 6.007936507936509005e-03 2.295174603174603423e-01 3.981938775510203699e-01 nan nan nan nan nan nan nan nan nan nan nan nan nan nan nan nan nan
nan nan nan nan nan 0.000000000000000000e+00 0.000000000000000000e+00 0.000000000000000000e+00 1.088412698412698221e-02 3.301238095238095971e-01 3.682793650793651508e-01 5.480489795918367379e-01 7.035085714285714831e-01 7.366171428571428592e-01 nan 7.333142857142856963e-01 nan nan nan nan nan nan nan nan nan nan nan nan
nan nan nan nan 0.000000000000000000e+00 0.000000000000000000e+00 0.000000000000000000e+00 0.000000000000000000e+00 1.755555555555555775e-03 2.605333333333333390e-01 5.070301587301587753e-01 5.583523809523809334e-01 6.140047619047619420e-01 7.152301587301588270e-01 7.455464285714284989e-01 nan nan nan nan nan nan nan nan nan nan nan nan nan
nan nan nan nan nan 0.000000000000000000e+00 0.000000000000000000e+00 0.000000000000000000e+00 0.000000000000000000e+00 4.881111111111111761e-02 3.448349206349206608e-01 5.031825396825396757e-01 4.876650793650793569e-01 5.568682539682540122e-01 6.155222222222223039e-01 6.525928571428571967e-01 nan nan nan nan nan nan nan nan nan nan nan nan
nan nan nan nan nan nan 0.000000000000000000e+00 0.000000000000000000e+00 0.000000000000000000e+00 0.000000000000000000e+00 9.065714285714285281e-02 3.189111111111111452e-01 4.483873015873015566e-01 4.492888888888889043e-01 5.162079365079366156e-01 5.922444444444444622e-01 6.797761904761905338e-01 7.617380952380952142e-01 7.828600000000000003e-01 nan nan nan nan nan nan nan nan nan
nan nan nan nan nan nan nan 0.000000000000000000e+00 0.000000000000000000e+00 0.000000000000000000e+00 0.000000000000000000e+00 1.017238095238095358e-01 3.910619047619047772e-01 4.494428571428571995e-01 3.478730158730158895e-01 5.081126984126984603e-01 6.499158730158730579e-01 7.118158730158729020e-01 7.303714285714285603e-01 7.200071428571428456e-01 7.999619047619047629e-01 8.183071428571427886e-01 nan nan nan nan nan nan
nan nan nan nan nan nan nan 0.000000000000000000e+00 0.000000000000000000e+00 0.000000000000000000e+00 0.000000000000000000e+00 1.337619047619047728e-02 2.282730158730159054e-01 3.457190476190477035e-01 1.988650793650793558e-01 2.767238095238095386e-01 5.800968253968253885e-01 6.916444444444443951e-01 7.129761904761906521e-01 7.343063492063491848e-01 7.689380952380951983e-01 7.563698412698414142e-01 8.193303571428571797e-01 9.336714285714287076e-01 nan nan nan nan
nan nan nan nan nan nan nan nan 0.000000000000000000e+00 0.000000000000000000e+00 0.000000000000000000e+00 0.000000000000000000e+00 3.192698412698412314e-02 1.549190476190476229e-01 3.858730158730158677e-02 5.192539682539682594e-02 3.660539682539682982e-01 6.294730158730158509e-01 6.890396825396826186e-01 7.163111111111111207e-01 7.266238095238094497e-01 7.431444444444444963e-01 7.411571428571428477e-01 6.135244897959182264e-01 nan 9.606857142857143650e-01 8.949642857142857677e-01 nan
nan nan nan nan nan nan nan nan nan 0.000000000000000000e+00 0.000000000000000000e+00 0.000000000000000000e+00 0.000000000000000000e+00 7.284126984126984040e-03 0.000000000000000000e+00 0.000000000000000000e+00 5.053174603174603874e-02 3.599365079365079989e-01 6.075555555555556264e-01 6.656142857142856029e-01 6.964031746031745795e-01 6.515380952380952495e-01 4.850619047619048052e-01 3.450666666666666882e-01 7.367020408163265088e-01 9.173607142857141961e-01 9.319476190476191357e-01 nan
nan nan nan nan nan nan nan nan nan nan 0.000000000000000000e+00 0.000000000000000000e+00 0.000000000000000000e+00 0.000000000000000000e+00 0.000000000000000000e+00 0.000000000000000000e+00 1.679365079365079333e-03 1.691603174603174831e-01 4.121555555555555528e-01 5.746619047619045961e-01 7.076000000000000068e-01 7.186746031746031882e-01 6.237825396825397162e-01 6.849650793650795544e-01 8.667666666666667963e-01 9.096158730158730998e-01 9.453015873015873094e-01 nan
nan nan nan nan nan nan nan nan nan nan nan nan 0.000000000000000000e+00 0.000000000000000000e+00 0.000000000000000000e+00 0.000000000000000000e+00 0.000000000000000000e+00 3.055873015873016019e-02 1.731111111111111045e-01 2.977365079365078548e-01 5.844698412698412504e-01 7.708111111111111136e-01 7.906333333333331881e-01 8.375634920634921210e-01 9.082555555555554827e-01 9.500873015873017025e-01 9.621206349206349318e-01 nan
nan nan nan nan nan nan nan nan nan nan nan nan nan 0.000000000000000000e+00 0.000000000000000000e+00 0.000000000000000000e+00 0.000000000000000000e+00 0.000000000000000000e+00 0.000000000000000000e+00 9.706349206349206352e-03 2.624682539682540172e-01 6.737761904761905285e-01 8.338126984126984498e-01 8.998571428571429109e-01 9.479333333333335165e-01 9.536142857142857476e-01 9.742920634920635425e-01 nan
nan nan nan nan nan nan nan nan nan nan nan nan nan nan nan 0.000000000000000000e+00 0.000000000000000000e+00 0.000000000000000000e+00 0.000000000000000000e+00 0.000000000000000000e+00 2.129047619047619300e-02 2.680920634920635481e-01 6.301571428571428601e-01 8.597571428571428864e-01 9.498634920634920764e-01 9.626253968253968285e-01 9.754031746031744943e-01 nan
nan nan nan nan nan nan nan nan nan nan nan nan nan nan nan nan nan 0.000000000000000000e+00 0.000000000000000000e+00 0.000000000000000000e+00 0.000000000000000000e+00 2.116250000000000075e-02 3.424642857142857211e-01 7.599301587301584560e-01 9.303746031746032985e-01 9.680666666666666309e-01 9.756507936507936574e-01 nan
nan nan nan nan nan nan nan nan nan nan nan nan nan nan nan nan nan nan nan nan 6.852857142857142481e-02 nan nan 8.004380952380951708e-01 9.268269841269842768e-01 9.781031746031746410e-01 nan nan
