nan nan nan 0.000000000000000000e+00 0.000000000000000000e+00 0.000000000000000000e+00 nan nan nan nan nan nan nan nan nan nan nan nan nan nan nan nan nan nan nan nan nan nan
nan nan 0.000000000000000000e+00 0.000000000000000000e+00 0.000000000000000000e+00 0.000000000000000000e+00 1.908888816833496102e-03 nan nan nan nan nan nan nan nan nan nan nan nan nan nan nan nan nan nan nan nan nan
nan nan 0.000000000000000000e+00 0.000000000000000000e+00 0.000000000000000000e+00 0.000000000000000000e+00 0.000000000000000000e+00 8.773851394653320312e-02 nan nan nan nan nan nan nan nan nan nan nan nan nan nan nan nan nan nan nan nan
nan 0.000000000000000000e+00 0.000000000000000000e+00 0.000000000000000000e+00 0.000000000000000000e+00 0.000000000000000000e+00 0.000000000000000000e+00 1.754296302795410253e-02 3.890022277832031472e-01 nan nan nan nan nan nan nan nan nan nan nan nan nan nan nan nan nan nan nan
0.000000000000000000e+00 0.000000000000000000e+00 0.000000000000000000e+00 0.000000000000000000e+00 0.000000000000000000e+00 0.000000000000000000e+00 0.000000000000000000e+00 0.000000000000000000e+00 2.402822303771972590e-01 7.595584869384766069e-01 nan nan nan nan nan nan nan nan nan nan nan nan nan nan nan nan nan nan
0.000000000000000000e+00 0.000000000000000000e+00 0.000000000000000000e+00 0.000000000000000000e+00 0.000000000000000000e+00 0.000000000000000000e+00 0.000000000000000000e+00 1.050888895988464321e-02 3.375644302368164262e-01 7.757773590087890803e-01 nan nan nan nan nan nan nan nan nan nan nan nan nan nan nan nan nan nan
0.000000000000000000e+00 0.000000000000000000e+00 0.000000000000000000e+00 0.000000000000000000e+00 0.000000000000000000e+00 0.000000000000000000e+00 0.000000000000000000e+00 4.048963069915771651e-02 5.897029495239257679e-01 nan nan nan nan nan nan nan nan nan nan nan nan nan nan nan nan nan nan nan
0.000000000000000000e+00 0.000000000000000000e+00 0.000000000000000000e+00 0.000000000000000000e+00 0.000000000000000000e+00 0.000000000000000000e+00 0.000000000000000000e+00 2.313629627227783286e-02 5.680792617797851829e-01 nan nan nan nan nan nan nan nan nan nan nan nan nan nan nan nan nan nan nan
nan 0.000000000000000000e+00 0.000000000000000000e+00 0.000000000000000000e+00 0.000000000000000000e+00 0.000000000000000000e+00 0.000000000000000000e+00 7.414370536804198997e-02 6.325777816772460982e-01 9.457933044433594061e-01 nan nan nan nan nan nan nan nan nan nan nan nan nan nan nan nan nan nan
nan 0.000000000000000000e+00 0.000000000000000000e+00 0.000000000000000000e+00 0.000000000000000000e+00 0.000000000000000000e+00 0.000000000000000000e+00 3.436000108718872265e-02 4.379051971435546919e-01 9.109081268310547097e-01 nan nan nan nan nan nan nan nan nan nan nan nan nan nan nan nan nan nan
nan 0.000000000000000000e+00 0.000000000000000000e+00 0.000000000000000000e+00 0.000000000000000000e+00 0.000000000000000000e+00 0.000000000000000000e+00 5.255555510520934850e-03 3.917651748657226540e-01 8.815866851806640758e-01 nan nan nan nan nan nan nan nan nan nan nan nan nan nan nan nan nan nan
nan nan 0.000000000000000000e+00 0.000000000000000000e+00 0.000000000000000000e+00 0.000000000000000000e+00 0.000000000000000000e+00 3.314370393753051508e-02 5.005614852905273526e-01 9.307785034179687500e-01 nan nan nan nan nan nan nan nan nan nan nan nan nan nan nan nan nan nan
nan nan 0.000000000000000000e+00 0.000000000000000000e+00 2.291133308410644442e-01 2.578533411026000949e-02 0.000000000000000000e+00 1.936296343803405734e-02 4.444155502319335760e-01 8.892407989501953658e-01 nan nan nan nan nan nan nan nan nan nan nan nan nan nan nan nan nan nan
nan nan nan nan nan nan 0.000000000000000000e+00 6.714814901351928364e-03 2.037985229492187411e-01 7.088500213623046831e-01 nan nan nan nan nan nan nan nan nan nan nan nan nan nan nan nan nan nan
nan nan nan nan nan 7.908889055252076028e-03 0.000000000000000000e+00 0.000000000000000000e+00 4.225407600402832087e-02 4.823651885986328103e-01 8.459967041015624689e-01 nan nan nan nan nan nan nan nan nan nan nan nan nan nan nan nan nan
nan nan nan nan nan 0.000000000000000000e+00 0.000000000000000000e+00 0.000000000000000000e+00 1.451111137866973851e-03 2.361674118041992287e-01 7.241647338867187589e-01 nan nan nan nan nan nan nan nan nan nan nan nan nan nan nan nan nan
nan nan nan nan nan 0.000000000000000000e+00 0.000000000000000000e+00 0.000000000000000000e+00 0.000000000000000000e+00 5.507852077484130804e-02 5.916592407226562988e-01 8.735619354248046475e-01 9.348840332031249645e-01 9.865399932861328436e-01 nan 9.743666839599609553e-01 nan nan nan nan nan nan nan nan nan nan nan nan
nan nan nan nan 0.000000000000000000e+00 0.000000000000000000e+00 0.000000000000000000e+00 0.000000000000000000e+00 0.000000000000000000e+00 8.193333148956299244e-03 1.790711021423339877e-01 5.632251739501953347e-01 8.753325653076171609e-01 9.304673767089843839e-01 9.240682983398437189e-01 nan nan nan nan nan nan nan nan nan nan nan nan nan
nan nan nan nan nan 0.000000000000000000e+00 0.000000000000000000e+00 0.000000000000000000e+00 0.000000000000000000e+00 0.000000000000000000e+00 8.992592245340347203e-04 1.114333343505859442e-01 5.885681533813476030e-01 8.834792327880859331e-01 9.156518554687500533e-01 9.261533355712890936e-01 nan nan nan nan nan nan nan nan nan nan nan nan
nan nan nan nan nan nan 0.000000000000000000e+00 0.000000000000000000e+00 0.000000000000000000e+00 0.000000000000000000e+00 0.000000000000000000e+00 7.237037271261214863e-04 2.176296234130859486e-01 7.456170654296875311e-01 8.939726257324218661e-01 9.310600280761718306e-01 9.205811309814453391e-01 9.228910827636718217e-01 9.486973571777344016e-01 nan nan nan nan nan nan nan nan nan
nan nan nan nan nan nan nan 0.000000000000000000e+00 0.000000000000000000e+00 0.000000000000000000e+00 0.000000000000000000e+00 0.000000000000000000e+00 6.966073989868164229e-02 4.608466720581054776e-01 7.902918243408203480e-01 9.056918334960937234e-01 9.545985412597656206e-01 9.537496185302734020e-01 9.655222320556640092e-01 9.673916625976562988e-01 9.510044097900390847e-01 9.670583343505859686e-01 nan nan nan nan nan nan
nan nan nan nan nan nan nan 0.000000000000000000e+00 0.000000000000000000e+00 0.000000000000000000e+00 0.000000000000000000e+00 0.000000000000000000e+00 5.499259233474731133e-03 1.168977737426757785e-01 4.548155593872070246e-01 7.936755371093749956e-01 9.125836944580077992e-01 9.665207672119140447e-01 9.734392547607422230e-01 9.855644226074218306e-01 9.689155578613281028e-01 9.666866302490234597e-01 9.591858673095703391e-01 9.159933471679687633e-01 nan nan nan nan
nan nan nan nan nan nan nan nan 0.000000000000000000e+00 0.000000000000000000e+00 0.000000000000000000e+00 0.000000000000000000e+00 0.000000000000000000e+00 9.396296143531799455e-03 1.352325916290283148e-01 4.477688980102538796e-01 8.408355712890625000e-01 9.448881530761719105e-01 9.544525909423827725e-01 9.691947937011718972e-01 9.606911468505859863e-01 9.691592407226562456e-01 9.536926269531249556e-01 8.755857086181640936e-01 nan 9.500466918945312811e-01 9.197000122070312367e-01 nan
nan nan nan nan nan nan nan nan nan 0.000000000000000000e+00 0.000000000000000000e+00 0.000000000000000000e+00 0.000000000000000000e+00 0.000000000000000000e+00 8.293333053588867673e-03 1.666785240173339899e-01 5.479496383666991877e-01 8.437385559082031250e-01 9.160399627685547053e-01 9.480481719970703658e-01 9.720970153808593528e-01 9.582614898681640625e-01 9.032688903808593350e-01 7.758236694335937100e-01 7.498714447021483931e-01 9.202383422851562189e-01 9.402674102783202814e-01 nan
nan nan nan nan nan nan nan nan nan nan 0.000000000000000000e+00 0.000000000000000000e+00 0.000000000000000000e+00 0.000000000000000000e+00 0.000000000000000000e+00 4.897037148475646626e-03 1.961488914489745994e-01 5.370000076293944824e-01 7.888044738769530717e-01 8.978503417968749512e-01 9.390822601318359331e-01 9.541118621826172319e-01 9.436888885498047053e-01 9.083385467529296875e-01 9.234466552734375000e-01 9.314844512939453036e-01 9.494118499755859197e-01 nan
nan nan nan nan nan nan nan nan nan nan nan nan 0.000000000000000000e+00 0.000000000000000000e+00 0.000000000000000000e+00 0.000000000000000000e+00 8.750370144844055523e-03 1.020429611206054715e-01 3.680533218383789107e-01 7.140673828125000400e-01 8.581607055664062234e-01 9.146570587158202592e-01 9.259562683105468928e-01 9.272866821289063033e-01 9.310503387451172230e-01 9.429481506347656694e-01 9.676518249511718572e-01 nan
nan nan nan nan nan nan nan nan nan nan nan nan nan 0.000000000000000000e+00 0.000000000000000000e+00 0.000000000000000000e+00 0.000000000000000000e+00 5.777778029441833427e-03 5.703999996185302873e-02 2.222681427001953203e-01 5.436918640136718661e-01 8.108689117431641113e-01 9.076577758789062811e-01 9.405266571044922363e-01 9.573918151855468350e-01 9.735037231445312633e-01 9.905859375000000133e-01 nan
nan nan nan nan nan nan nan nan nan nan nan nan nan nan nan 0.000000000000000000e+00 0.000000000000000000e+00 0.000000000000000000e+00 0.000000000000000000e+00 3.499999940395355068e-03 2.106414794921875056e-01 6.732037353515625266e-01 9.307755279541015669e-01 9.756548309326171786e-01 9.862637329101562322e-01 9.886525726318359242e-01 9.896044158935546342e-01 nan
nan nan nan nan nan nan nan nan nan nan nan nan nan nan nan nan nan 0.000000000000000000e+00 0.000000000000000000e+00 0.000000000000000000e+00 2.703925848007202037e-02 3.840200042724609131e-01 8.677558135986328525e-01 9.781666564941405850e-01 9.889340972900391158e-01 9.891133117675781072e-01 9.889666748046874734e-01 nan
nan nan nan nan nan nan nan nan nan nan nan nan nan nan nan nan nan nan nan nan 8.230667114257812778e-02 nan nan 9.794288635253906028e-01 9.832637023925780984e-01 9.899703979492187056e-01 nan nan
