nan nan nan 0.000000000000000000e+00 0.000000000000000000e+00 0.000000000000000000e+00 nan nan nan nan nan nan nan nan nan nan nan nan nan nan nan nan nan nan nan nan nan nan
nan nan 0.000000000000000000e+00 0.000000000000000000e+00 0.000000000000000000e+00 0.000000000000000000e+00 0.000000000000000000e+00 nan nan nan nan nan nan nan nan nan nan nan nan nan nan nan nan nan nan nan nan nan
nan nan 0.000000000000000000e+00 0.000000000000000000e+00 0.000000000000000000e+00 0.000000000000000000e+00 0.000000000000000000e+00 2.974074125289917145e-02 nan nan nan nan nan nan nan nan nan nan nan nan nan nan nan nan nan nan nan nan
nan 0.000000000000000000e+00 0.000000000000000000e+00 0.000000000000000000e+00 0.000000000000000000e+00 0.000000000000000000e+00 0.000000000000000000e+00 8.059999942779540183e-03 2.820148086547851762e-01 nan nan nan nan nan nan nan nan nan nan nan nan nan nan nan nan nan nan nan
0.000000000000000000e+00 0.000000000000000000e+00 0.000000000000000000e+00 0.000000000000000000e+00 0.000000000000000000e+00 0.000000000000000000e+00 0.000000000000000000e+00 0.000000000000000000e+00 1.017148113250732483e-01 6.450910949707031605e-01 nan nan nan nan nan nan nan nan nan nan nan nan nan nan nan nan nan nan
0.000000000000000000e+00 0.000000000000000000e+00 0.000000000000000000e+00 0.000000000000000000e+00 0.000000000000000000e+00 0.000000000000000000e+00 0.000000000000000000e+00 0.000000000000000000e+00 1.576533317565917969e-01 5.211266708374023837e-01 nan nan nan nan nan nan nan nan nan nan nan nan nan nan nan nan nan nan
0.000000000000000000e+00 0.000000000000000000e+00 0.000000000000000000e+00 0.000000000000000000e+00 0.000000000000000000e+00 0.000000000000000000e+00 0.000000000000000000e+00 4.844444394111632919e-03 4.259177780151366943e-01 nan nan nan nan nan nan nan nan nan nan nan nan nan nan nan nan nan nan nan
0.000000000000000000e+00 0.000000000000000000e+00 0.000000000000000000e+00 0.000000000000000000e+00 0.000000000000000000e+00 0.000000000000000000e+00 0.000000000000000000e+00 3.341703653335571095e-02 5.871792602539062100e-01 nan nan nan nan nan nan nan nan nan nan nan nan nan nan nan nan nan nan nan
nan 0.000000000000000000e+00 0.000000000000000000e+00 0.000000000000000000e+00 0.000000000000000000e+00 0.000000000000000000e+00 0.000000000000000000e+00 8.307037353515625555e-02 7.044963073730469150e-01 9.839666748046874689e-01 nan nan nan nan nan nan nan nan nan nan nan nan nan nan nan nan nan nan
nan 0.000000000000000000e+00 0.000000000000000000e+00 0.000000000000000000e+00 0.000000000000000000e+00 0.000000000000000000e+00 0.000000000000000000e+00 3.378518581390380776e-02 4.339762878417968706e-01 9.494637298583984419e-01 nan nan nan nan nan nan nan nan nan nan nan nan nan nan nan nan nan nan
nan 0.000000000000000000e+00 0.000000000000000000e+00 0.000000000000000000e+00 0.000000000000000000e+00 0.000000000000000000e+00 0.000000000000000000e+00 3.910000085830688671e-02 5.118348312377929421e-01 9.555614471435547319e-01 nan nan nan nan nan nan nan nan nan nan nan nan nan nan nan nan nan nan
nan nan 0.000000000000000000e+00 0.000000000000000000e+00 0.000000000000000000e+00 0.000000000000000000e+00 0.000000000000000000e+00 1.846148133277893122e-02 5.598340606689453658e-01 9.948000335693358842e-01 nan nan nan nan nan nan nan nan nan nan nan nan nan nan nan nan nan nan
nan nan 0.000000000000000000e+00 0.000000000000000000e+00 2.399999946355819546e-03 2.533733367919921778e-02 0.000000000000000000e+00 1.420000046491622873e-03 3.868718338012695490e-01 9.280066680908203303e-01 nan nan nan nan nan nan nan nan nan nan nan nan nan nan nan nan nan nan
nan nan nan nan nan nan 0.000000000000000000e+00 0.000000000000000000e+00 1.427666664123535267e-01 7.878241729736328303e-01 nan nan nan nan nan nan nan nan nan nan nan nan nan nan nan nan nan nan
nan nan nan nan nan 2.051111161708831648e-03 0.000000000000000000e+00 0.000000000000000000e+00 3.215629577636718722e-02 5.404199981689452592e-01 9.055933380126952592e-01 nan nan nan nan nan nan nan nan nan nan nan nan nan nan nan nan nan
nan nan nan nan nan 0.000000000000000000e+00 0.000000000000000000e+00 0.000000000000000000e+00 0.000000000000000000e+00 2.573792648315429421e-01 7.465809631347656294e-01 nan nan nan nan nan nan nan nan nan nan nan nan nan nan nan nan nan
nan nan nan nan nan 0.000000000000000000e+00 0.000000000000000000e+00 0.000000000000000000e+00 0.000000000000000000e+00 1.521925926208496024e-02 3.322185134887695179e-01 6.274866485595702592e-01 8.709320068359375222e-01 9.540066528320312322e-01 nan 9.595899963378906605e-01 nan nan nan nan nan nan nan nan nan nan nan nan
nan nan nan nan 0.000000000000000000e+00 0.000000000000000000e+00 0.000000000000000000e+00 0.000000000000000000e+00 0.000000000000000000e+00 0.000000000000000000e+00 9.541481733322143555e-03 1.322925949096679654e-01 5.429281616210936967e-01 8.839496612548828347e-01 9.098833465576171564e-01 nan nan nan nan nan nan nan nan nan nan nan nan nan
nan nan nan nan nan 0.000000000000000000e+00 0.000000000000000000e+00 0.000000000000000000e+00 0.000000000000000000e+00 0.000000000000000000e+00 0.000000000000000000e+00 0.000000000000000000e+00 1.183229637145996049e-01 5.705770492553711160e-01 8.589852142333984641e-01 8.870600128173827814e-01 nan nan nan nan nan nan nan nan nan nan nan nan
nan nan nan nan nan nan 0.000000000000000000e+00 0.000000000000000000e+00 0.000000000000000000e+00 0.000000000000000000e+00 0.000000000000000000e+00 0.000000000000000000e+00 3.125185072422027519e-03 1.993385124206542847e-01 6.740177917480468794e-01 9.150933074951171919e-01 9.093699645996093928e-01 9.154844665527344105e-01 9.468520355224608887e-01 nan nan nan nan nan nan nan nan nan
nan nan nan nan nan nan nan 0.000000000000000000e+00 0.000000000000000000e+00 0.000000000000000000e+00 0.000000000000000000e+00 0.000000000000000000e+00 0.000000000000000000e+00 1.016370415687561056e-02 2.663222312927245872e-01 7.861503601074218972e-01 9.470666503906249867e-01 9.517362976074218439e-01 9.583192443847656783e-01 9.611983489990234553e-01 9.532421875000000044e-01 9.778649902343750089e-01 nan nan nan nan nan nan
nan nan nan nan nan nan nan 0.000000000000000000e+00 0.000000000000000000e+00 0.000000000000000000e+00 0.000000000000000000e+00 0.000000000000000000e+00 0.000000000000000000e+00 0.000000000000000000e+00 1.590370416641235379e-02 3.832118606567382901e-01 8.540903472900390758e-01 9.263333129882812544e-01 9.249340820312500488e-01 9.530066680908203525e-01 9.696755218505859197e-01 9.714103698730468528e-01 9.592350006103516069e-01 8.956666564941406783e-01 nan nan nan nan
nan nan nan nan nan nan nan nan 0.000000000000000000e+00 0.000000000000000000e+00 0.000000000000000000e+00 0.000000000000000000e+00 0.000000000000000000e+00 0.000000000000000000e+00 0.000000000000000000e+00 5.251407623291015625e-02 6.262222290039062278e-01 9.060170745849609464e-01 9.169488525390625533e-01 9.443540954589844105e-01 9.666170501708983842e-01 9.717089080810547008e-01 9.599133300781249600e-01 8.820923614501953169e-01 nan 9.589076232910156428e-01 9.199224853515625133e-01 nan
nan nan nan nan nan nan nan nan nan 0.000000000000000000e+00 0.000000000000000000e+00 0.000000000000000000e+00 0.000000000000000000e+00 0.000000000000000000e+00 0.000000000000000000e+00 0.000000000000000000e+00 1.396333312988281283e-01 6.724807739257812056e-01 9.095518493652343661e-01 9.366414642333984464e-01 9.553652191162109730e-01 9.613459014892578036e-01 9.279318237304687855e-01 8.351711273193359597e-01 7.628590393066406738e-01 9.133032989501953525e-01 9.371466827392578303e-01 nan
nan nan nan nan nan nan nan nan nan nan 0.000000000000000000e+00 0.000000000000000000e+00 0.000000000000000000e+00 0.000000000000000000e+00 0.000000000000000000e+00 0.000000000000000000e+00 0.000000000000000000e+00 1.307288932800292902e-01 4.936459350585937766e-01 7.021437072753906605e-01 8.790088653564452903e-01 9.336214447021484730e-01 9.427348327636718706e-01 9.118881225585937500e-01 9.310933685302734686e-01 9.402970123291015669e-01 9.434622192382812189e-01 nan
nan nan nan nan nan nan nan nan nan nan nan nan 0.000000000000000000e+00 0.000000000000000000e+00 0.000000000000000000e+00 0.000000000000000000e+00 0.000000000000000000e+00 0.000000000000000000e+00 9.062222242355345847e-03 1.216681480407714872e-01 4.623659133911132701e-01 7.540044403076171520e-01 8.657651519775391158e-01 9.257022094726562456e-01 9.389340972900390714e-01 9.580733489990234109e-01 9.722518157958984775e-01 nan
nan nan nan nan nan nan nan nan nan nan nan nan nan 0.000000000000000000e+00 0.000000000000000000e+00 0.000000000000000000e+00 0.000000000000000000e+00 0.000000000000000000e+00 0.000000000000000000e+00 0.000000000000000000e+00 6.058518409729003740e-02 3.586703872680663818e-01 5.975518417358398615e-01 8.665903472900390314e-01 9.471392822265625178e-01 9.770481109619140181e-01 9.875370025634765403e-01 nan
nan nan nan nan nan nan nan nan nan nan nan nan nan nan nan 0.000000000000000000e+00 0.000000000000000000e+00 0.000000000000000000e+00 0.000000000000000000e+00 0.000000000000000000e+00 0.000000000000000000e+00 7.040296077728271096e-02 4.405866622924804465e-01 8.348481750488281339e-01 9.349259185791015669e-01 9.460488891601562811e-01 9.789318847656249822e-01 nan
nan nan nan nan nan nan nan nan nan nan nan nan nan nan nan nan nan 0.000000000000000000e+00 0.000000000000000000e+00 0.000000000000000000e+00 5.103703588247299194e-04 2.137000083923339816e-02 3.968883514404296653e-01 7.216622161865234863e-01 9.118007659912109597e-01 9.445407104492187234e-01 9.632978057861327770e-01 nan
nan nan nan nan nan nan nan nan nan nan nan nan nan nan nan nan nan nan nan nan 9.982266426086425226e-02 nan nan 7.526821899414062322e-01 8.836333465576171609e-01 9.381955718994140492e-01 nan nan
