nan nan nan 0.000000000000000000e+00 0.000000000000000000e+00 0.000000000000000000e+00 nan nan nan nan nan nan nan nan nan nan nan nan nan nan nan nan nan nan nan nan nan nan
nan nan 0.000000000000000000e+00 0.000000000000000000e+00 0.000000000000000000e+00 0.000000000000000000e+00 0.000000000000000000e+00 nan nan nan nan nan nan nan nan nan nan nan nan nan nan nan nan nan nan nan nan nan
nan nan 0.000000000000000000e+00 0.000000000000000000e+00 0.000000000000000000e+00 0.000000000000000000e+00 0.000000000000000000e+00 0.000000000000000000e+00 nan nan nan nan nan nan nan nan nan nan nan nan nan nan nan nan nan nan nan nan
nan 0.000000000000000000e+00 0.000000000000000000e+00 0.000000000000000000e+00 0.000000000000000000e+00 0.000000000000000000e+00 0.000000000000000000e+00 0.000000000000000000e+00 0.000000000000000000e+00 nan nan nan nan nan nan nan nan nan nan nan nan nan nan nan nan nan nan nan
0.000000000000000000e+00 0.000000000000000000e+00 0.000000000000000000e+00 0.000000000000000000e+00 0.000000000000000000e+00 0.000000000000000000e+00 0.000000000000000000e+00 0.000000000000000000e+00 0.000000000000000000e+00 2.266666666666666829e-03 nan nan nan nan nan nan nan nan nan nan nan nan nan nan nan nan nan nan
0.000000000000000000e+00 0.000000000000000000e+00 0.000000000000000000e+00 0.000000000000000000e+00 0.000000000000000000e+00 0.000000000000000000e+00 0.000000000000000000e+00 0.000000000000000000e+00 0.000000000000000000e+00 5.100000000000000366e-03 nan nan nan nan nan nan nan nan nan nan nan nan nan nan nan nan nan nan
0.000000000000000000e+00 0.000000000000000000e+00 0.000000000000000000e+00 0.000000000000000000e+00 0.000000000000000000e+00 0.000000000000000000e+00 0.000000000000000000e+00 0.000000000000000000e+00 0.000000000000000000e+00 nan nan nan nan nan nan nan nan nan nan nan nan nan nan nan nan nan nan nan
0.000000000000000000e+00 0.000000000000000000e+00 0.000000000000000000e+00 0.000000000000000000e+00 0.000000000000000000e+00 0.000000000000000000e+00 0.000000000000000000e+00 0.000000000000000000e+00 0.000000000000000000e+00 nan nan nan nan nan nan nan nan nan nan nan nan nan nan nan nan nan nan nan
nan 0.000000000000000000e+00 0.000000000000000000e+00 0.000000000000000000e+00 0.000000000000000000e+00 0.000000000000000000e+00 0.000000000000000000e+00 0.000000000000000000e+00 0.000000000000000000e+00 1.173469387755102017e-03 nan nan nan nan nan nan nan nan nan nan nan nan nan nan nan nan nan nan
nan 0.000000000000000000e+00 0.000000000000000000e+00 0.000000000000000000e+00 0.000000000000000000e+00 0.000000000000000000e+00 0.000000000000000000e+00 0.000000000000000000e+00 0.000000000000000000e+00 1.425714285714285885e-02 nan nan nan nan nan nan nan nan nan nan nan nan nan nan nan nan nan nan
nan 0.000000000000000000e+00 0.000000000000000000e+00 0.000000000000000000e+00 0.000000000000000000e+00 0.000000000000000000e+00 0.000000000000000000e+00 0.000000000000000000e+00 0.000000000000000000e+00 8.400634920634920955e-02 nan nan nan nan nan nan nan nan nan nan nan nan nan nan nan nan nan nan
nan nan 0.000000000000000000e+00 0.000000000000000000e+00 0.000000000000000000e+00 0.000000000000000000e+00 0.000000000000000000e+00 0.000000000000000000e+00 4.548888888888889120e-02 4.154634920634920348e-01 nan nan nan nan nan nan nan nan nan nan nan nan nan nan nan nan nan nan
nan nan 0.000000000000000000e+00 0.000000000000000000e+00 1.443333333333333274e-02 3.209714285714285187e-02 0.000000000000000000e+00 0.000000000000000000e+00 7.679841269841269913e-02 3.595178571428571113e-01 nan nan nan nan nan nan nan nan nan nan nan nan nan nan nan nan nan nan
nan nan nan nan nan nan 0.000000000000000000e+00 0.000000000000000000e+00 7.976349206349206411e-02 3.779785714285714970e-01 nan nan nan nan nan nan nan nan nan nan nan nan nan nan nan nan nan nan
nan nan nan nan nan 1.082222222222222266e-02 0.000000000000000000e+00 0.000000000000000000e+00 4.494285714285714550e-02 3.894063492063492005e-01 6.154785714285714304e-01 nan nan nan nan nan nan nan nan nan nan nan nan nan nan nan nan nan
nan nan nan nan nan 0.000000000000000000e+00 0.000000000000000000e+00 0.000000000000000000e+00 2.198412698412698183e-03 3.580365079365079861e-01 6.161673469387755064e-01 nan nan nan nan nan nan nan nan nan nan nan nan nan nan nan nan nan
nan nan nan nan nan 0.000000000000000000e+00 0.000000000000000000e+00 0.000000000000000000e+00 1.763650793650793983e-02 3.806999999999999829e-01 5.368650793650793229e-01 6.244938775510202600e-01 6.369399999999999507e-01 6.353428571428572091e-01 nan 6.998357142857142277e-01 nan nan nan nan nan nan nan nan nan nan nan nan
nan nan nan nan 0.000000000000000000e+00 0.000000000000000000e+00 0.000000000000000000e+00 0.000000000000000000e+00 0.000000000000000000e+00 1.414031746031746417e-01 4.050396825396825329e-01 4.057063492063492371e-01 5.041634920634920913e-01 5.887031746031746726e-01 6.943142857142856617e-01 nan nan nan nan nan nan nan nan nan nan nan nan nan
nan nan nan nan nan 0.000000000000000000e+00 0.000000000000000000e+00 0.000000000000000000e+00 0.000000000000000000e+00 0.000000000000000000e+00 9.348730158730156337e-02 2.640666666666666718e-01 4.256285714285714672e-01 5.429587301587300852e-01 5.931634920634920594e-01 6.236333333333334838e-01 nan nan nan nan nan nan nan nan nan nan nan nan
nan nan nan nan nan nan 0.000000000000000000e+00 0.000000000000000000e+00 0.000000000000000000e+00 0.000000000000000000e+00 0.000000000000000000e+00 7.005555555555555147e-02 3.240111111111111386e-01 3.560396825396825449e-01 4.913333333333333997e-01 6.664968253968254208e-01 7.700357142857143788e-01 7.748714285714286554e-01 7.420742857142856863e-01 nan nan nan nan nan nan nan nan nan
nan nan nan nan nan nan nan 0.000000000000000000e+00 0.000000000000000000e+00 0.000000000000000000e+00 0.000000000000000000e+00 6.482539682539683462e-03 1.650841269841269721e-01 1.285095238095238235e-01 1.400571428571428800e-01 4.216984126984126835e-01 7.894857142857142351e-01 8.142174603174603398e-01 8.428793650793652281e-01 8.465785714285714025e-01 8.274666666666666837e-01 8.073749999999999538e-01 nan nan nan nan nan nan
nan nan nan nan nan nan nan 0.000000000000000000e+00 0.000000000000000000e+00 0.000000000000000000e+00 0.000000000000000000e+00 0.000000000000000000e+00 1.780952380952380981e-02 4.266190476190476893e-02 6.841269841269839898e-03 5.780317460317459938e-02 5.166507936507935828e-01 8.111619047619048617e-01 8.404841269841268891e-01 8.806555555555555248e-01 8.994555555555554527e-01 8.275698412698413442e-01 8.160500000000000531e-01 8.767428571428571571e-01 nan nan nan nan
nan nan nan nan nan nan nan nan 0.000000000000000000e+00 0.000000000000000000e+00 0.000000000000000000e+00 0.000000000000000000e+00 0.000000000000000000e+00 3.784126984126984401e-03 0.000000000000000000e+00 0.000000000000000000e+00 1.446682539682539459e-01 5.374269841269840864e-01 6.926809523809523972e-01 7.161920634920635464e-01 8.161222222222221934e-01 8.701428571428572178e-01 7.845460317460316579e-01 6.712918367346938364e-01 nan 9.061367346938776768e-01 9.376196428571428321e-01 nan
nan nan nan nan nan nan nan nan nan 0.000000000000000000e+00 0.000000000000000000e+00 0.000000000000000000e+00 0.000000000000000000e+00 0.000000000000000000e+00 0.000000000000000000e+00 0.000000000000000000e+00 1.138571428571428720e-02 1.940984126984126590e-01 5.023111111111111526e-01 6.145888888888888513e-01 6.580619047619046258e-01 5.743968253968253501e-01 4.566873015873016417e-01 4.688238095238094760e-01 7.937816326530614530e-01 9.642499999999999405e-01 9.774888888888887406e-01 nan
nan nan nan nan nan nan nan nan nan nan 0.000000000000000000e+00 0.000000000000000000e+00 0.000000000000000000e+00 0.000000000000000000e+00 0.000000000000000000e+00 0.000000000000000000e+00 0.000000000000000000e+00 3.481111111111111212e-02 2.759317460317460835e-01 5.277269841269841555e-01 6.818587301587303307e-01 6.501174603174603162e-01 6.498952380952381924e-01 8.510222222222222355e-01 9.459428571428570853e-01 9.607857142857143540e-01 9.681920634920635482e-01 nan
nan nan nan nan nan nan nan nan nan nan nan nan 0.000000000000000000e+00 0.000000000000000000e+00 0.000000000000000000e+00 0.000000000000000000e+00 0.000000000000000000e+00 0.000000000000000000e+00 4.228571428571427891e-03 1.184857142857142914e-01 4.092190476190476489e-01 7.347539682539683259e-01 8.210349206349205620e-01 8.732142857142854986e-01 9.060888888888887216e-01 9.277619047619046766e-01 9.477126984126985620e-01 nan
nan nan nan nan nan nan nan nan nan nan nan nan nan 0.000000000000000000e+00 0.000000000000000000e+00 0.000000000000000000e+00 0.000000000000000000e+00 0.000000000000000000e+00 0.000000000000000000e+00 0.000000000000000000e+00 3.626984126984126450e-02 4.092111111111111921e-01 6.983571428571427875e-01 8.535936507936509043e-01 8.761222222222221356e-01 8.938015873015870971e-01 9.179634920634921480e-01 nan
nan nan nan nan nan nan nan nan nan nan nan nan nan nan nan 0.000000000000000000e+00 0.000000000000000000e+00 0.000000000000000000e+00 0.000000000000000000e+00 0.000000000000000000e+00 0.000000000000000000e+00 1.642222222222222000e-02 1.770333333333333203e-01 6.468349206349206515e-01 8.818571428571426729e-01 8.871126984126985748e-01 8.969730158730159220e-01 nan
nan nan nan nan nan nan nan nan nan nan nan nan nan nan nan nan nan 0.000000000000000000e+00 0.000000000000000000e+00 0.000000000000000000e+00 0.000000000000000000e+00 2.133749999999999883e-02 2.826249999999999943e-02 3.871126984126985193e-01 8.181047619047617792e-01 8.685904761904762461e-01 8.666365079365079271e-01 nan
nan nan nan nan nan nan nan nan nan nan nan nan nan nan nan nan nan nan nan nan 7.502571428571429279e-02 nan nan 2.887682539682539518e-01 7.250857142857143334e-01 8.511888888888888838e-01 nan nan
